smalldata/aspect.asc
ncols         500
nrows         500
xllcorner     526651.492
yllcorner     3648615.34
cellsize      30
NODATA_value  -9999
[rows 88 to 131 of 500, columns 384 to 479 of 500]
-1 -1 338 337 321 302 321 -1 -1 239 228 228 225 209 163 -1 -1 26 358 3 48 65 82 106 114 49 35 24 22 39 41 45 41 36 36 25 32 55 70 70 71 71 65 42 44 45 40 49 69 69 70 71 74 174 210 230 248 190 197 208 211 202 189 177 218 256 200 173 167 178 254 294 275 215 176 173 215 265 276 272 282 278 278 273 250 229 178 219 248 228 186 108 75 64 58 65
-1 320 334 345 353 346 355 -1 -1 -1 -1 -1 225 218 210 191 -1 329 329 347 93 90 90 81 64 32 26 27 36 111 87 65 53 45 116 97 86 75 98 78 68 59 59 45 43 45 48 50 59 67 68 69 69 79 212 212 195 188 212 223 216 198 200 223 253 238 187 178 186 257 290 290 196 170 164 162 205 265 280 282 268 266 263 257 245 230 179 226 242 218 201 154 99 65 86 67
291 291 299 323 345 8 32 12 -1 -1 -1 -1 -1 218 220 229 290 295 278 -1 55 59 48 40 38 114 122 120 116 152 151 139 133 128 140 150 157 156 140 159 104 62 49 56 52 51 53 55 61 64 67 67 60 58 64 175 173 153 228 230 212 198 259 244 206 195 213 213 254 303 303 273 187 157 158 182 260 275 273 269 247 244 241 241 245 237 169 216 230 220 214 181 156 129 148 80
263 276 276 295 -1 -1 -1 -1 -1 -1 -1 -1 -1 -1 -1 284 315 308 -1 -1 23 52 63 84 101 116 136 136 145 82 91 116 127 133 45 75 124 157 169 173 175 93 60 88 75 68 66 63 87 85 76 65 58 53 50 53 73 85 215 223 223 210 245 232 172 178 311 315 312 312 300 194 167 151 155 248 273 266 254 250 238 242 246 250 253 231 157 200 222 226 225 195 160 160 159 183
261 265 248 239 -1 -1 -1 -1 -1 -1 -1 351 0 357 341 323 341 347 -1 308 308 -1 84 94 94 43 54 69 80 82 34 51 50 36 39 54 57 69 121 108 189 188 125 142 127 113 97 90 124 116 92 67 58 76 65 60 61 89 98 149 214 225 228 203 175 258 304 300 286 272 234 176 165 152 164 248 250 236 233 235 256 260 262 260 254 222 222 151 182 222 235 237 212 151 140 186
-1 255 229 211 206 210 -1 -1 -1 -1 -1 310 310 340 352 346 347 3 12 -1 338 11 68 54 38 38 45 43 31 24 44 46 25 20 53 56 47 49 64 91 155 192 172 164 156 156 150 134 141 142 142 125 95 124 107 91 85 101 95 109 192 226 218 212 249 289 236 234 235 219 188 168 161 160 220 262 233 234 241 241 283 280 273 264 253 234 217 150 168 230 245 244 223 147 117 168
-1 247 251 219 228 228 233 241 -1 -1 -1 249 277 311 344 344 -1 0 10 357 338 18 39 17 19 45 51 38 26 31 54 37 18 31 63 63 65 74 74 100 99 123 176 170 170 165 162 153 147 145 157 156 140 144 138 126 112 76 72 83 135 211 223 234 249 248 221 220 219 203 177 172 165 162 192 240 275 284 285 284 283 272 257 244 236 233 213 153 164 239 249 245 233 158 82 91
71 57 309 308 329 305 275 -1 -1 -1 -1 253 256 256 -1 -1 277 322 351 358 356 19 24 6 16 45 50 34 38 54 42 42 24 29 85 92 96 99 102 116 109 111 143 170 132 152 158 157 107 117 140 157 153 120 109 96 87 54 65 79 99 200 214 228 228 232 226 221 224 218 190 170 175 177 237 262 300 304 303 296 250 237 227 225 230 235 200 155 177 239 245 241 237 216 -1 65
69 55 -1 289 315 327 321 13 -1 -1 -1 -1 248 240 228 240 274 290 322 353 3 11 11 6 6 25 45 46 40 57 52 32 39 67 108 120 127 125 120 127 110 82 64 80 75 90 97 101 54 76 90 109 122 35 33 38 47 45 48 55 67 79 80 187 212 219 220 222 228 207 172 184 245 308 307 296 278 280 275 265 217 215 217 224 235 232 182 155 201 244 245 240 235 231 223 207
64 60 302 290 313 341 347 37 41 0 0 -1 326 287 273 270 270 246 250 263 309 282 334 348 3 47 56 52 57 63 87 72 84 97 108 116 126 135 136 78 36 31 43 59 65 30 24 34 53 53 56 54 49 26 24 28 37 45 47 52 60 66 56 75 188 207 213 226 227 192 164 274 300 313 306 284 253 244 231 225 217 215 226 226 236 243 223 167 158 221 240 235 234 230 228 201
64 68 311 296 313 347 3 29 11 11 357 10 14 4 344 309 -1 219 231 238 243 241 267 295 348 85 88 99 107 101 133 141 117 109 111 115 116 120 116 9 13 39 39 67 82 22 7 27 54 51 48 46 34 27 32 43 46 45 50 54 56 56 55 57 83 183 205 228 221 185 184 264 262 257 254 254 233 232 220 211 209 213 232 241 245 233 203 162 170 230 237 234 234 234 225 183
61 69 69 294 287 301 341 8 12 0 0 12 18 22 25 12 357 11 -1 243 240 247 252 258 -1 85 88 103 114 119 107 142 139 126 120 121 104 77 42 12 14 41 78 91 41 348 10 45 52 43 43 37 26 35 36 43 45 45 61 65 64 59 78 72 74 98 198 220 220 212 191 238 240 232 228 228 212 210 209 204 202 238 247 244 242 218 187 165 186 231 239 239 240 240 206 168
24 62 70 266 268 279 319 344 357 355 0 12 19 31 39 26 359 11 17 317 265 282 273 275 291 71 57 57 59 65 86 102 125 138 130 54 37 25 17 32 56 84 93 90 358 343 27 55 52 41 41 32 30 41 34 39 47 54 76 84 87 87 92 96 91 80 70 57 124 195 207 238 236 232 220 215 201 200 206 204 211 255 250 244 239 198 176 170 196 231 245 245 244 237 237 188
32 71 80 253 259 265 291 318 341 355 358 7 20 38 38 15 1 12 23 12 12 20 325 296 292 304 -1 42 54 69 106 105 101 93 73 23 20 19 24 83 102 103 87 55 358 356 41 54 45 40 39 35 39 55 53 46 52 63 79 82 85 87 89 92 90 79 59 58 69 124 203 229 240 228 208 202 207 213 220 227 245 251 242 240 231 176 164 164 175 213 252 245 241 238 225 174
60 82 86 -1 259 262 278 297 306 344 344 353 11 11 35 26 8 6 18 27 28 39 349 308 303 -1 -1 -1 96 99 84 67 44 26 22 29 31 37 57 83 98 77 43 19 10 24 24 55 53 48 48 48 50 88 90 90 86 81 103 105 98 89 89 103 97 85 65 81 66 69 -1 236 235 216 193 196 249 271 282 282 279 254 240 236 234 220 162 151 192 244 251 242 238 234 214 167
75 79 75 36 265 266 266 274 268 242 228 270 264 315 20 13 7 16 26 30 39 63 0 315 291 -1 170 181 117 94 49 30 23 20 22 76 81 90 97 97 78 50 27 17 27 34 53 62 54 78 86 86 86 109 115 121 117 108 124 126 123 110 105 119 113 110 114 150 106 83 77 233 -1 219 198 188 232 249 265 281 279 235 228 229 227 209 157 148 235 259 240 238 238 230 199 162
69 69 67 80 66 280 273 274 230 217 225 245 247 246 288 352 8 -1 59 61 72 74 12 -1 171 176 182 186 120 70 49 70 62 67 64 138 127 119 111 96 71 34 23 26 94 94 89 78 71 108 113 120 113 123 126 130 125 124 126 133 133 126 122 128 125 125 122 125 143 137 118 88 86 158 182 194 225 237 247 250 241 210 212 219 216 199 153 163 246 252 233 235 236 223 184 157
84 78 79 101 -1 296 280 268 198 213 234 244 240 221 212 211 209 203 128 107 94 61 71 120 120 149 166 196 205 171 91 136 136 139 142 150 145 127 114 97 151 164 152 107 160 153 142 137 119 138 128 136 135 123 135 138 131 131 122 121 131 137 134 116 115 116 117 109 120 124 131 90 108 114 160 198 225 247 253 239 215 208 203 206 208 193 156 192 249 244 232 232 234 235 214 162
135 119 108 107 315 295 275 235 226 256 261 252 218 201 205 216 221 244 242 -1 85 62 75 105 114 127 151 211 210 177 145 130 133 141 146 150 160 155 147 144 167 181 182 168 173 171 162 165 161 163 163 146 142 149 155 144 140 133 126 116 118 129 128 100 98 100 102 113 112 109 124 -1 125 107 108 171 217 261 251 218 205 218 200 200 193 204 189 170 223 249 234 232 235 231 200 156
150 132 118 102 287 274 254 212 302 302 296 274 209 199 195 217 238 271 277 -1 58 62 76 93 105 114 130 227 216 156 135 90 104 124 137 131 154 163 158 156 167 185 185 185 173 175 177 169 170 175 174 165 151 153 166 157 143 136 139 121 108 104 106 115 112 118 118 113 107 109 127 150 110 108 110 -1 -1 234 250 233 207 213 215 194 188 203 186 191 239 243 234 235 235 224 185 152
151 130 130 106 -1 270 259 258 268 253 228 209 204 200 222 261 271 274 276 -1 61 64 96 90 92 99 129 232 244 93 85 64 75 89 108 84 95 119 145 154 147 158 182 185 174 168 175 171 173 175 175 174 162 159 171 165 152 147 146 132 122 115 118 69 74 81 98 105 47 47 51 66 49 71 102 120 146 210 227 220 209 210 206 194 196 207 191 219 241 234 232 235 233 212 170 151
151 146 125 95 -1 291 276 272 239 209 200 201 204 221 258 280 281 241 237 -1 129 113 132 120 104 101 133 241 241 258 -1 78 87 88 84 84 97 104 121 139 49 55 87 166 165 114 145 158 169 139 159 166 162 162 161 162 155 155 124 111 95 95 79 23 23 31 45 57 10 5 18 32 46 59 75 99 135 183 211 214 210 210 205 205 215 213 203 223 229 225 230 231 221 197 161 159
141 137 123 -1 334 315 292 273 288 -1 194 205 213 255 268 261 242 227 227 200 145 145 126 124 130 124 111 125 259 264 -1 121 117 117 115 103 123 117 102 70 16 29 36 45 76 40 49 65 94 33 42 65 105 137 73 84 106 122 133 51 35 21 22 24 26 38 56 53 349 354 17 33 53 60 65 78 110 150 192 202 208 210 212 223 227 214 207 207 215 220 221 226 226 212 186 166
124 124 118 -1 315 311 302 294 327 351 15 27 241 7 281 266 237 227 235 229 204 156 123 102 105 112 89 112 250 249 216 133 117 118 126 128 115 80 28 12 17 36 43 42 41 39 44 44 39 27 31 39 50 64 39 28 39 50 56 6 2 7 16 30 40 57 63 35 339 351 25 43 60 65 69 77 97 98 167 188 188 207 218 229 236 230 210 206 212 218 222 225 225 208 176 210
86 79 -1 -1 291 286 286 293 280 300 330 7 33 36 293 256 225 232 237 226 204 173 140 105 84 82 89 115 223 225 203 140 118 116 117 120 37 3 2 2 9 24 42 48 44 40 41 39 30 27 59 73 82 73 8 26 49 59 46 336 349 6 19 43 59 69 54 12 331 352 37 52 60 63 68 70 70 52 62 98 -1 203 229 246 244 230 202 206 210 217 223 225 225 204 173 210
64 57 40 22 24 -1 276 273 280 288 303 349 46 51 329 247 221 252 245 225 204 186 151 123 98 88 90 102 189 210 205 143 143 119 121 115 24 359 352 2 17 37 51 50 45 45 43 41 38 45 106 105 93 34 17 62 78 72 23 320 339 10 28 73 75 75 58 29 359 320 351 50 59 72 74 66 55 52 63 76 -1 198 217 227 229 217 201 212 215 218 223 226 222 198 198 255
50 32 8 11 36 30 284 273 270 275 283 317 52 66 32 -1 -1 252 243 214 201 189 154 135 127 127 118 100 93 137 207 204 154 119 112 70 4 356 353 5 17 51 57 51 48 65 71 82 95 103 107 82 22 358 69 88 73 56 56 353 300 319 20 75 72 52 29 24 12 318 351 58 66 73 73 61 51 79 81 83 110 188 201 207 208 202 213 221 220 220 223 221 225 221 197 220
35 6 345 6 49 52 -1 268 243 243 242 239 85 123 71 -1 -1 -1 230 212 199 201 200 154 122 122 138 124 87 87 178 185 155 115 46 354 7 1 355 8 28 59 63 62 63 113 122 126 128 122 44 44 22 358 67 83 59 36 47 10 288 300 45 75 39 26 27 36 18 333 3 66 71 77 75 73 76 93 88 79 80 -1 168 190 190 196 204 218 215 216 221 221 225 219 197 219
39 347 319 0 55 54 29 256 240 229 229 223 215 206 184 -1 -1 -1 210 198 198 212 198 159 112 108 140 161 90 80 100 23 60 45 339 341 11 3 0 21 45 97 98 98 103 116 114 114 109 83 18 24 16 19 77 65 25 35 61 18 292 303 55 59 20 27 37 41 18 355 34 75 77 91 91 90 92 75 73 68 63 66 64 87 161 193 214 210 207 213 221 223 219 210 194 209
-1 -1 298 298 -1 27 40 35 4 18 235 226 221 216 199 190 182 195 214 206 208 220 182 164 122 108 130 172 149 106 66 23 28 7 336 346 359 18 20 53 101 138 124 115 117 73 68 55 34 15 25 40 42 64 77 40 14 52 72 4 298 312 32 23 20 38 41 36 41 41 46 82 87 89 86 82 77 75 60 53 53 58 59 69 93 -1 206 204 205 217 225 221 213 203 191 202
-1 -1 -1 298 325 2 26 29 27 34 26 249 236 210 195 190 195 206 229 219 208 202 161 157 132 117 127 98 133 133 114 349 344 19 6 346 29 59 87 111 126 66 77 79 76 50 44 31 19 12 50 66 69 70 64 21 31 72 75 349 311 332 332 2 356 36 53 52 101 115 131 121 98 82 71 62 60 64 50 47 50 53 61 70 82 135 192 198 203 217 225 218 211 201 188 188
-1 -1 -1 299 309 349 18 24 31 45 52 -1 242 -1 192 192 218 228 266 -1 -1 -1 180 117 126 115 106 22 40 50 2 320 326 8 7 3 96 110 112 99 73 31 42 46 49 50 33 26 21 27 64 63 62 64 51 33 29 68 83 35 344 325 345 352 79 112 105 97 102 89 78 86 90 60 53 48 49 51 45 48 52 55 65 70 78 95 -1 -1 -1 190 206 205 208 205 200 190
-1 -1 -1 288 291 327 12 26 36 70 74 -1 -1 -1 -1 -1 -1 298 319 302 -1 -1 -1 64 66 66 42 27 58 54 351 308 287 344 21 66 87 77 50 19 18 34 43 43 45 41 32 32 34 41 74 73 70 69 57 34 61 79 68 16 346 333 357 16 118 134 127 115 102 32 37 52 63 43 37 40 41 42 54 57 57 57 79 83 84 82 78 57 78 147 194 205 201 202 202 197
73 -1 290 285 281 288 -1 -1 45 95 90 82 57 -1 315 341 358 347 345 -1 -1 -1 -1 33 35 35 19 97 102 82 340 286 257 257 78 86 38 22 7 0 0 16 38 43 39 39 38 39 49 63 76 76 75 62 36 53 68 56 32 15 352 339 21 77 79 67 57 51 39 43 63 71 65 121 131 56 46 43 70 74 74 74 102 100 97 81 55 46 54 74 141 194 186 203 207 204
54 53 8 307 296 281 273 -1 -1 95 85 71 55 -1 304 329 5 9 12 -1 338 356 20 21 26 38 56 107 88 40 357 271 264 264 279 5 41 19 8 359 0 21 39 42 39 42 36 43 58 70 64 62 58 36 30 60 53 22 12 15 5 0 56 79 62 41 41 29 26 109 113 114 115 145 175 186 149 66 97 92 95 101 102 100 74 38 35 46 46 56 67 -1 86 183 205 203
52 45 7 321 307 295 -1 -1 -1 78 74 65 60 -1 288 303 14 29 -1 -1 315 -1 15 -1 29 29 72 100 78 12 13 28 16 300 285 325 16 357 355 356 4 19 37 45 47 45 36 50 63 66 53 47 36 28 41 58 34 0 7 7 22 25 41 73 73 81 94 103 100 151 144 140 137 141 162 191 203 151 131 111 114 123 118 63 28 20 36 41 33 40 43 47 54 69 102 186
65 48 8 334 307 304 -1 -1 -1 69 71 73 69 -1 273 263 -1 -1 -1 -1 -1 -1 -1 -1 -1 -1 96 100 8 332 8 31 25 349 295 283 334 276 310 341 0 9 38 49 50 43 43 53 58 55 53 50 39 29 40 51 48 22 353 7 37 58 67 70 77 91 119 153 157 140 137 135 136 141 31 77 190 184 150 129 118 116 103 20 14 14 24 45 37 30 39 46 63 68 67 -1
75 50 4 336 310 -1 -1 -1 -1 73 74 74 76 73 -1 278 258 -1 -1 -1 -1 -1 -1 -1 -1 97 98 92 332 308 355 29 22 16 343 297 253 262 276 306 339 345 32 51 51 53 50 48 49 54 52 47 36 37 49 42 35 11 355 11 44 51 54 64 95 102 112 129 141 59 64 60 49 26 26 52 82 82 64 96 99 82 59 17 15 14 31 36 33 39 49 56 71 73 65 59
75 -1 -1 -1 -1 -1 -1 -1 -1 -1 82 81 79 71 308 295 306 -1 6 21 3 326 -1 -1 -1 98 86 66 342 303 328 13 12 24 18 13 -1 27 295 287 301 301 317 22 55 57 48 41 43 55 54 41 38 47 50 37 25 4 0 21 51 55 65 82 102 100 85 58 54 41 41 39 26 21 22 37 54 55 48 43 39 35 24 21 23 21 32 49 56 64 65 67 92 90 77 52
61 59 -1 -1 -1 -1 -1 -1 -1 -1 78 78 79 68 291 289 315 342 6 19 14 0 -1 -1 -1 71 49 34 0 0 306 304 294 345 29 28 30 29 315 285 289 301 281 348 56 56 49 38 42 53 51 38 45 51 45 32 17 4 11 38 81 88 93 93 100 97 76 35 29 33 46 35 18 21 28 44 56 53 50 47 40 25 17 39 39 37 43 49 98 96 88 89 86 86 49 22
49 48 39 -1 -1 -1 288 -1 -1 -1 74 78 79 71 -1 266 283 324 4 19 26 34 34 -1 -1 38 18 11 14 14 336 298 278 -1 -1 21 31 23 349 278 263 270 277 300 51 58 61 48 48 55 49 42 46 46 41 46 34 24 26 48 128 118 116 113 110 71 42 24 24 35 43 21 10 18 41 54 56 52 54 51 38 21 25 72 66 63 73 88 73 81 90 90 91 83 62 357
52 50 45 -1 -1 334 319 -1 -1 -1 86 86 78 63 -1 -1 250 255 275 225 -1 81 82 -1 -1 -1 342 354 12 21 5 315 278 273 -1 341 14 7 10 329 286 274 296 281 75 72 79 67 67 62 59 50 45 41 45 46 100 109 121 134 130 119 113 110 97 37 26 23 21 43 33 6 7 23 65 61 51 50 54 47 40 40 43 78 74 73 77 75 82 85 88 94 103 82 29 352
61 50 41 30 10 351 341 341 3 45 83 100 97 78 38 -1 -1 243 235 210 195 164 135 175 -1 283 306 338 -1 33 27 355 288 281 284 302 329 315 355 347 332 332 330 306 -1 119 102 99 99 83 59 72 64 65 79 90 119 120 119 127 71 80 80 71 52 21 24 18 22 40 21 8 28 56 109 93 69 52 53 48 47 54 69 48 47 62 72 76 94 94 90 98 67 35 9 12
63 56 45 33 22 5 358 0 22 57 70 78 81 -1 18 26 -1 251 223 218 204 189 172 -1 248 264 268 274 -1 -1 -1 -1 -1 -1 291 282 281 250 248 272 306 329 212 215 -1 125 105 105 119 132 95 124 117 119 114 112 42 49 59 64 52 61 62 46 24 19 25 25 17 27 34 29 49 90 119 119 103 73 57 61 60 63 60 42 53 64 66 78 68 64 62 67 32 18 25 53
