smalldata/aspect.asc
ncols         500
nrows         500
xllcorner     526651.492
yllcorner     3648615.34
cellsize      30
NODATA_value  -9999
[rows 396 to 439 of 500, columns 288 to 383 of 500]
154 150 128 141 207 221 244 260 264 269 270 264 197 145 130 125 141 128 143 161 154 150 176 191 158 136 153 211 252 301 307 307 305 312 305 290 286 284 284 285 291 318 342 330 316 301 300 300 296 284 285 285 283 282 271 281 320 299 247 243 240 239 230 212 193 181 197 223 232 223 211 225 245 247 244 236 233 229 205 223 253 247 235 227 227 228 238 244 247 243 251 251 245 229 211 237
161 161 139 145 226 253 265 264 261 263 263 261 234 172 150 140 130 129 122 142 155 150 170 192 164 137 178 280 302 313 316 304 290 284 290 283 284 282 281 283 291 306 331 331 335 325 315 303 291 289 280 275 272 270 248 238 228 246 215 228 229 228 223 212 186 173 193 223 235 220 212 231 239 241 236 221 229 230 226 202 234 241 232 231 235 239 239 247 245 246 251 252 236 211 209 254
148 160 149 146 171 246 261 262 253 253 256 254 218 157 149 148 143 141 119 119 137 146 156 183 165 137 257 281 289 296 307 281 273 269 275 283 283 281 280 282 285 287 294 311 325 322 324 320 307 303 288 280 269 255 220 211 199 199 220 229 226 228 225 209 180 165 195 233 230 230 213 216 230 241 245 232 217 231 219 205 234 237 238 245 247 240 243 249 251 258 260 246 225 197 223 252
103 113 135 127 205 255 265 262 232 239 245 246 218 149 144 152 156 155 128 113 118 132 143 164 167 157 277 282 280 280 278 264 262 272 280 282 293 290 288 286 280 279 284 296 308 283 299 312 317 301 297 291 266 228 200 201 196 201 234 228 224 231 231 233 203 170 161 203 233 221 205 215 244 253 248 230 223 230 208 207 231 255 258 251 239 233 246 251 258 263 260 241 211 194 237 241
112 108 112 113 238 266 267 247 215 229 242 243 208 145 140 151 165 170 136 124 126 126 154 150 157 175 284 289 285 278 271 266 268 280 290 294 300 301 294 286 270 259 247 251 266 236 249 268 291 277 285 270 191 184 188 188 202 210 225 237 225 225 234 231 196 168 173 207 219 206 202 225 265 258 242 226 229 221 197 214 244 255 249 232 228 237 256 258 258 261 262 253 223 193 201 232
125 114 109 113 233 253 240 211 223 246 257 251 200 144 144 139 150 187 177 142 133 140 157 155 166 235 295 290 280 273 270 272 275 279 286 293 280 286 285 277 236 218 214 224 231 224 231 231 241 248 254 244 193 164 154 177 217 239 244 232 229 230 238 225 197 176 186 210 208 205 230 259 252 238 223 222 229 207 201 236 257 257 238 225 225 241 278 279 278 273 266 233 204 185 208 229
142 119 112 113 217 241 221 221 222 255 269 267 250 163 150 139 151 190 173 144 137 146 158 167 242 291 295 284 277 271 270 279 281 279 276 275 243 244 246 247 221 211 206 213 222 219 218 228 240 248 243 219 175 158 149 174 230 240 234 237 229 225 234 224 205 186 199 215 218 227 247 255 252 226 216 215 221 219 213 231 255 253 223 230 253 272 282 273 266 262 253 220 198 185 212 229
194 159 119 108 107 177 227 218 260 267 262 256 229 148 155 146 155 186 169 143 140 152 168 250 288 291 288 275 276 276 277 273 270 270 265 255 225 229 230 227 210 206 212 221 222 209 217 234 245 248 234 213 171 155 151 181 223 230 233 231 216 218 227 230 214 199 199 217 257 244 239 235 232 212 210 216 219 235 242 257 253 236 248 273 283 285 252 231 231 236 232 216 198 194 220 237
172 173 132 107 111 152 232 244 255 248 249 251 207 132 146 154 164 186 169 143 139 151 274 302 299 299 288 265 253 254 265 255 254 248 237 227 222 227 226 218 210 208 220 222 212 207 230 247 249 244 225 206 177 158 154 184 219 234 241 229 215 213 224 243 237 222 228 254 239 216 211 214 219 209 216 221 228 243 230 229 230 229 284 291 286 273 212 214 229 234 226 214 214 200 203 227
115 166 154 119 112 141 257 264 240 251 259 255 180 128 134 153 170 183 186 166 142 140 248 287 293 292 283 238 234 244 252 246 242 231 216 215 221 218 218 212 204 217 223 212 202 220 242 248 243 236 215 215 202 183 163 155 184 224 236 219 221 232 242 243 234 233 255 266 193 195 203 205 210 211 228 239 246 233 215 225 238 259 278 275 260 260 236 203 218 233 233 228 217 207 216 236
102 128 156 127 115 156 250 243 240 270 268 268 245 156 132 129 145 173 190 159 144 152 280 280 276 273 262 221 240 247 247 238 230 212 197 212 217 211 217 210 205 225 217 199 199 212 235 239 234 231 221 213 208 190 164 159 191 226 225 237 247 250 250 245 227 239 249 233 193 195 210 210 206 217 239 253 252 246 221 226 251 264 258 249 239 223 207 212 230 241 241 238 228 221 231 245
118 126 147 147 132 117 167 245 244 260 262 252 205 159 142 129 136 174 183 158 149 219 280 273 266 249 225 237 254 251 244 238 222 200 185 208 214 214 214 218 207 221 225 204 192 231 237 227 225 226 225 221 215 191 164 166 203 226 228 256 246 233 233 234 232 241 236 213 210 213 213 222 208 203 232 248 254 246 225 246 258 261 238 233 228 214 205 237 255 262 255 233 232 227 236 246
115 125 129 139 118 110 -1 259 258 252 252 227 170 159 153 135 130 165 172 161 193 281 272 267 254 225 218 253 254 254 248 240 226 212 193 182 205 218 219 215 206 225 216 192 199 236 226 219 227 231 229 226 212 185 163 175 216 239 251 240 222 217 226 226 242 242 237 230 226 225 230 222 189 219 243 248 248 236 234 249 249 245 232 234 230 221 225 261 269 263 247 225 225 219 227 235
106 109 110 116 89 103 180 248 252 243 239 199 155 158 158 145 135 149 163 202 273 277 277 270 262 245 222 262 257 245 237 233 212 198 188 186 217 229 223 214 215 218 201 189 218 236 220 226 236 236 229 222 204 180 165 168 191 236 253 229 215 213 223 235 252 243 231 229 226 231 240 221 167 243 240 237 237 229 235 236 232 232 233 233 234 240 249 265 261 261 249 220 218 214 210 217
81 71 76 81 87 105 171 230 241 237 224 185 154 162 164 164 156 144 125 -1 302 276 272 268 258 247 250 241 230 222 222 222 207 188 188 199 239 240 219 215 222 197 187 199 228 227 231 243 243 240 234 232 219 199 176 175 222 250 246 219 222 238 251 254 245 240 231 227 226 235 234 215 183 213 214 229 233 231 231 227 225 225 231 235 242 254 264 265 257 248 234 220 210 206 209 221
64 65 70 75 96 103 154 154 227 232 227 207 177 160 166 170 165 151 337 353 348 293 274 262 254 251 250 204 205 210 217 220 209 189 198 223 247 232 204 215 216 212 184 184 216 226 216 236 242 234 233 236 219 193 169 200 246 245 228 244 258 260 249 243 240 237 229 225 229 234 220 210 209 202 202 208 231 239 233 230 230 230 243 252 264 271 271 253 247 237 225 213 203 202 214 231
73 83 92 98 112 105 104 135 220 224 213 193 172 162 167 174 188 -1 316 350 13 333 276 245 235 233 221 208 215 225 226 222 237 237 229 253 257 281 236 208 218 275 330 354 266 221 222 232 227 221 234 234 213 181 165 237 248 236 233 244 243 225 222 232 237 232 234 234 234 234 223 209 207 211 210 219 235 238 235 240 241 242 243 269 272 268 261 246 239 229 217 207 196 205 223 237
91 98 105 112 98 99 100 116 205 218 207 189 173 164 174 189 249 285 282 325 26 27 274 270 239 230 230 258 258 261 259 258 300 305 317 325 326 3 345 331 288 329 337 3 9 356 33 226 221 224 233 226 201 174 181 246 249 252 259 259 225 209 213 228 237 233 239 246 242 220 210 204 209 217 226 236 238 234 240 243 242 247 256 271 271 264 254 237 228 217 205 198 198 198 219 237
111 101 93 93 98 96 99 110 180 216 206 190 181 175 191 225 254 265 270 270 294 18 34 27 11 311 272 258 270 278 288 295 337 327 328 340 358 14 10 5 352 336 335 11 26 20 39 36 245 233 233 219 219 197 182 236 249 249 251 245 208 205 226 238 243 249 253 247 233 213 206 207 211 217 242 245 240 235 243 243 243 247 259 268 267 267 260 238 225 214 203 196 197 215 238 243
137 123 95 89 92 113 111 115 161 217 206 206 198 195 213 236 246 251 273 278 290 351 29 32 26 0 334 292 336 327 324 332 352 343 332 341 2 16 14 10 358 347 347 23 33 33 25 30 27 8 273 253 217 201 204 242 241 234 232 225 205 215 236 241 264 262 252 238 224 210 208 211 215 229 244 243 240 239 236 236 241 246 254 274 267 259 249 223 211 200 195 194 219 242 251 246
155 162 133 119 119 133 125 121 122 -1 235 220 221 220 -1 278 277 273 273 283 286 321 20 27 26 12 4 350 351 339 331 342 352 350 339 341 3 2 7 12 13 8 2 7 27 35 26 23 25 15 20 41 -1 214 229 242 235 229 227 218 219 239 255 261 267 253 238 225 216 214 213 213 212 221 239 243 244 242 227 235 245 257 272 273 261 247 233 214 204 196 194 201 251 259 254 245
113 144 169 156 143 144 133 129 131 -1 -1 -1 288 274 -1 296 315 316 295 293 288 308 358 18 22 17 6 351 353 344 344 332 342 351 355 347 347 358 0 12 17 8 18 25 34 39 20 15 22 14 25 45 50 -1 246 245 238 234 229 222 265 275 275 275 273 250 237 225 216 214 218 212 215 229 239 241 240 233 228 238 249 261 272 253 245 230 219 214 204 199 205 227 260 256 247 241
93 117 154 162 155 153 143 138 149 278 295 315 320 308 315 304 313 327 318 309 294 303 341 329 358 11 17 1 342 354 349 336 341 354 1 352 352 356 359 15 22 18 33 36 38 37 14 16 24 14 21 45 45 43 272 254 254 247 247 247 275 276 274 268 261 236 225 217 212 221 219 217 228 237 243 242 235 226 225 231 244 253 255 241 234 221 214 210 205 205 205 226 257 253 246 242
116 116 134 156 160 155 153 156 -1 278 297 319 326 327 329 329 315 310 319 317 319 301 300 327 342 357 10 353 339 354 349 336 341 355 1 353 354 358 3 17 26 28 36 39 38 29 14 24 29 29 19 28 38 43 53 45 293 277 275 274 274 269 262 257 249 227 223 222 220 223 226 233 239 241 252 246 234 225 225 232 244 245 245 229 226 223 217 210 205 213 227 250 258 243 234 232
135 127 128 144 155 162 191 -1 -1 -1 331 338 345 319 321 327 322 313 307 310 320 315 310 331 339 351 357 342 332 348 348 336 337 351 358 354 355 5 15 22 29 29 36 38 41 36 22 21 34 37 28 21 34 50 66 63 317 290 284 278 273 264 255 250 240 234 234 232 227 232 242 247 250 252 252 252 244 230 221 227 237 240 236 220 222 224 217 202 210 238 261 266 253 239 229 225
135 138 137 138 145 169 243 295 326 336 349 17 26 312 311 319 325 326 313 315 315 321 325 331 338 349 345 330 320 334 348 339 334 341 341 352 353 354 18 33 30 34 37 40 43 36 28 32 43 42 27 22 43 64 73 63 335 286 281 277 264 255 250 246 240 245 241 241 235 246 255 260 260 259 251 247 240 226 217 233 238 236 227 227 229 223 210 198 233 255 263 262 242 233 225 219
131 133 141 149 156 306 309 313 320 332 341 30 29 328 309 311 321 329 327 319 313 315 322 329 336 349 340 340 322 317 322 342 346 341 332 343 347 357 35 47 39 38 39 45 49 41 28 40 48 38 22 31 48 57 57 50 15 286 274 270 252 248 248 254 255 269 260 250 244 246 265 262 258 253 244 242 235 222 219 239 240 234 228 235 227 218 210 210 260 257 248 244 242 226 221 218
124 129 136 157 212 312 312 306 299 302 298 23 30 342 307 309 316 325 329 325 322 314 308 311 306 329 350 337 322 319 321 332 349 344 327 332 341 10 56 59 47 41 52 58 57 45 31 43 43 32 25 31 38 38 42 45 55 39 302 263 260 259 262 267 270 283 280 270 263 264 255 252 248 245 243 240 232 222 228 238 234 232 236 235 231 233 233 239 270 262 250 235 230 222 222 222
127 127 129 282 302 294 300 292 279 275 270 343 343 37 346 306 305 314 321 315 310 298 294 298 288 307 344 341 328 321 321 325 345 340 324 327 341 10 78 72 56 49 67 66 56 56 41 35 39 34 30 32 25 28 38 49 57 46 356 286 260 276 277 278 280 273 271 268 262 257 254 249 245 243 260 251 240 235 237 231 229 229 236 240 253 256 263 269 253 246 236 226 223 230 231 228
126 115 175 280 286 261 270 284 293 285 289 263 275 23 343 307 295 302 312 272 273 278 284 287 288 288 316 337 322 320 322 325 341 331 317 322 351 51 56 71 67 58 55 57 49 40 33 33 30 26 30 28 20 23 40 53 49 42 20 349 293 275 269 273 274 258 261 266 268 260 275 275 264 262 283 278 267 250 240 226 234 242 249 253 257 258 260 258 231 230 227 226 229 237 233 228
106 91 100 228 254 261 270 289 312 323 355 283 274 327 336 302 281 276 276 270 285 292 296 295 308 302 300 314 322 310 315 315 324 332 316 297 291 -1 45 59 52 46 47 43 33 31 32 26 22 21 27 25 15 22 42 50 44 41 24 14 337 285 254 254 254 260 267 277 287 293 299 297 290 286 277 270 258 238 229 245 257 262 264 260 242 241 239 235 233 238 237 237 238 233 226 222
93 105 107 234 252 257 280 289 308 343 11 347 289 285 311 291 281 268 262 299 304 303 304 304 311 316 320 313 305 297 294 298 313 298 300 292 290 320 27 45 36 36 43 34 27 33 34 17 15 20 25 25 16 27 39 42 46 46 40 23 25 45 25 262 256 264 268 278 290 296 290 292 292 286 277 252 230 216 229 254 259 262 259 247 235 230 226 228 251 248 248 239 236 235 222 213
115 123 123 267 275 277 287 285 294 333 2 14 350 289 280 281 281 287 286 285 297 305 304 306 303 302 303 305 301 270 274 272 277 284 302 315 317 333 15 28 28 37 36 24 27 37 32 11 14 14 24 31 31 29 31 35 43 47 37 24 33 45 34 341 268 261 260 267 277 286 278 275 275 274 266 231 222 221 243 260 253 250 244 244 245 244 239 238 258 250 237 232 237 223 207 198
133 136 180 286 291 292 293 289 290 290 303 345 17 18 348 348 285 268 274 285 272 287 296 301 262 243 237 246 259 275 277 270 268 310 316 321 325 340 6 22 31 40 40 26 20 30 34 17 12 18 30 35 33 34 23 27 41 47 37 29 41 39 34 29 291 261 268 273 277 280 262 255 253 248 239 228 234 241 255 279 270 259 254 249 266 266 264 262 258 233 229 235 237 210 194 187
141 151 168 268 281 286 283 288 290 291 289 320 5 20 21 18 347 295 265 262 251 258 268 272 221 222 240 258 268 306 304 300 302 326 335 335 329 332 354 8 27 38 38 17 20 29 26 13 15 23 32 32 35 31 17 24 44 45 32 32 42 34 36 45 14 270 268 268 268 271 223 219 226 228 228 251 263 271 277 273 270 266 266 265 265 267 265 257 246 219 227 233 225 205 184 182
156 178 263 277 273 275 276 273 276 281 289 290 334 13 26 23 9 357 324 256 255 243 241 233 232 255 278 278 293 302 316 323 319 318 327 341 341 342 0 19 34 39 30 12 17 18 14 12 18 30 30 29 34 24 16 28 44 31 25 34 40 38 29 39 52 43 356 256 241 232 211 209 214 225 239 261 267 270 271 251 256 256 254 259 256 251 245 236 226 215 228 230 221 200 200 175
157 270 293 306 306 290 313 275 266 269 275 273 288 346 23 18 9 10 21 329 10 327 274 241 262 262 272 280 289 276 292 316 321 319 320 332 342 347 8 26 29 28 21 12 15 10 9 19 25 31 23 26 27 27 19 23 35 29 21 27 39 30 25 39 46 45 39 293 235 219 250 226 223 238 253 244 245 244 247 251 234 242 249 256 246 239 232 232 221 203 218 232 233 216 190 176
177 270 307 322 336 339 359 316 274 269 270 265 265 265 280 299 358 6 19 34 4 349 354 313 320 270 266 270 272 245 252 272 300 313 312 320 336 348 12 20 14 18 16 11 12 10 10 27 30 26 23 17 21 19 16 29 36 18 19 34 42 20 24 31 34 44 36 8 349 319 2 347 323 253 244 237 231 226 221 221 225 230 234 244 237 236 229 219 206 204 222 230 227 206 188 191
296 301 321 325 340 340 354 13 5 295 271 266 264 267 275 298 322 357 28 36 348 345 5 11 320 290 264 258 249 240 246 255 275 300 312 322 335 348 10 10 15 9 14 14 10 14 19 27 28 21 15 11 17 16 15 30 30 13 23 40 37 15 22 24 30 43 28 9 6 9 2 3 3 10 8 9 298 252 231 216 282 244 228 231 238 227 218 205 195 210 223 223 216 206 200 223
306 316 322 328 328 335 346 11 20 343 281 280 275 284 293 306 318 347 22 18 332 335 1 22 18 351 276 253 240 262 263 263 267 277 285 301 319 333 344 6 14 10 14 13 11 21 31 33 21 19 7 4 19 16 14 25 22 10 27 39 28 17 22 24 34 34 40 21 8 12 17 15 2 12 26 22 2 344 333 330 0 350 295 247 288 231 213 200 195 239 226 213 206 204 231 250
307 314 312 323 328 330 336 2 22 17 321 296 276 279 292 306 316 341 6 355 315 318 351 25 25 48 14 313 283 295 275 273 272 275 277 284 303 326 344 3 13 15 17 15 13 27 30 23 17 17 2 4 23 12 9 18 15 12 10 27 34 22 23 24 28 41 37 12 8 17 22 17 0 12 31 21 10 1 355 0 11 12 4 345 11 350 281 251 244 346 338 338 -1 214 273 255
301 303 299 309 319 323 325 353 20 28 5 341 284 272 278 296 283 311 339 355 346 311 307 337 32 59 11 326 329 328 288 284 282 277 293 293 301 319 341 1 11 20 24 16 14 27 21 11 16 15 15 1 18 24 6 6 16 10 14 28 29 21 28 24 31 44 37 5 5 22 27 18 6 18 32 16 14 5 356 3 18 19 10 10 9 21 10 357 346 345 356 7 14 12 8 278
301 296 295 297 307 313 325 345 12 12 26 24 7 331 283 272 282 306 335 357 350 318 310 334 44 57 358 320 347 350 303 298 299 296 303 303 303 313 338 354 8 22 27 23 16 14 21 14 5 16 12 3 21 18 2 8 15 8 20 29 25 24 27 23 35 47 36 1 5 24 28 18 18 25 26 14 14 21 9 352 4 23 24 11 16 16 6 4 353 340 352 11 26 36 32 300
309 303 309 303 300 303 308 317 339 2 21 26 11 2 322 278 284 297 327 358 351 322 315 347 47 55 346 313 350 350 306 293 296 300 289 289 292 291 296 298 339 3 17 17 14 15 21 14 9 14 7 6 21 9 3 13 12 9 22 26 23 28 23 24 43 52 27 358 9 9 23 19 21 27 31 22 18 27 11 353 12 27 27 14 18 10 2 10 1 340 344 12 34 43 43 347
