smalldata/aspect.asc
ncols         500
nrows         500
xllcorner     526651.492
yllcorner     3648615.34
cellsize      30
NODATA_value  -9999
[rows 352 to 395 of 500, columns 0 to 95 of 500]
135 145 147 157 169 167 160 0 329 315 305 298 298 298 300 302 315 -1 40 18 34 95 93 94 86 -1 326 330 330 324 324 347 349 338 342 339 320 316 333 340 350 358 9 2 354 323 284 277 289 289 293 287 284 260 246 236 234 245 251 261 268 269 298 301 298 284 276 289 285 295 60 73 59 61 63 66 75 82 92 250 256 249 199 167 149 131 135 164 164 180 192 168 142 144 186 186
141 140 144 151 212 308 14 8 328 309 301 297 290 293 297 303 -1 -1 -1 -1 97 110 100 90 77 50 355 326 321 320 316 335 343 335 341 340 323 309 318 326 340 352 5 5 8 356 311 283 280 283 285 280 272 245 245 241 241 241 249 260 277 291 301 310 320 312 298 291 287 309 35 52 66 69 70 71 85 90 104 246 258 237 188 159 151 139 132 158 158 164 173 183 165 150 154 184
144 124 125 123 272 315 9 27 320 303 296 289 283 286 286 287 291 -1 -1 -1 -1 93 66 50 29 13 0 332 316 313 313 324 334 334 339 340 331 309 307 326 323 343 1 7 7 5 345 345 307 299 285 281 272 251 241 237 237 240 275 281 287 294 298 304 317 321 309 302 290 303 25 55 82 83 85 84 93 97 123 236 236 256 237 177 140 132 145 139 151 165 182 173 152 151 165 201
159 111 100 101 256 257 257 216 -1 288 289 287 284 281 277 273 268 -1 -1 -1 96 39 21 26 10 3 1 341 324 316 321 324 327 330 335 339 337 315 301 307 294 300 321 353 351 358 3 2 340 310 286 276 263 252 240 225 235 257 294 297 294 295 298 296 306 318 320 315 298 281 -1 82 93 93 91 93 97 96 99 122 243 252 236 153 122 132 142 147 145 163 187 171 144 151 176 288
213 194 110 95 104 246 246 216 231 263 273 282 283 274 267 264 265 315 -1 60 69 10 8 14 356 354 355 348 331 324 329 330 330 326 326 322 336 339 327 306 306 295 297 327 337 346 355 8 1 319 291 273 259 264 253 243 265 280 303 303 297 295 295 289 297 313 313 315 317 300 206 174 165 119 101 97 105 101 100 116 246 234 209 158 123 123 138 153 146 155 182 172 146 154 235 295
218 214 158 113 107 240 244 225 255 262 273 283 285 275 271 272 280 335 18 37 33 9 7 5 348 348 334 349 354 337 327 332 334 330 320 319 329 334 337 326 328 316 310 321 329 333 338 7 4 318 293 267 260 264 323 308 296 296 305 307 305 297 291 285 285 289 302 298 308 -1 154 176 176 157 127 111 105 107 104 121 232 210 195 170 137 127 142 158 156 158 180 175 175 157 -1 295
221 218 198 141 114 251 257 251 282 288 290 291 307 301 290 285 295 350 350 29 21 0 12 12 355 334 323 345 358 342 329 334 339 342 326 330 330 326 333 337 339 331 320 319 -1 -1 -1 -1 334 303 306 306 298 296 325 341 324 309 300 301 304 298 289 287 282 281 286 268 -1 129 139 166 171 167 146 128 116 115 112 131 202 196 189 178 178 149 143 150 159 154 157 185 196 -1 291 294
232 224 210 166 135 278 278 278 293 300 300 302 309 317 319 311 298 309 10 40 3 0 11 22 345 318 315 338 358 349 335 334 342 348 339 340 341 333 330 337 344 337 321 305 305 -1 -1 -1 -1 272 293 317 318 315 295 311 311 306 276 277 288 298 295 291 281 273 270 228 167 129 125 147 154 162 152 138 126 138 126 124 137 165 186 182 180 160 154 163 164 150 177 261 303 315 307 296
10 245 212 341 -1 326 301 292 296 294 300 305 303 310 321 324 312 329 18 30 354 344 3 10 349 321 319 332 356 358 341 338 342 347 344 345 345 347 343 335 342 351 356 -1 -1 194 198 219 247 263 271 286 292 290 227 247 268 278 233 251 266 283 296 288 276 261 248 228 176 146 146 125 117 128 148 157 150 149 138 138 142 159 176 175 177 168 163 170 170 163 177 304 312 317 315 -1
14 24 21 11 358 342 317 304 305 299 302 304 303 298 312 326 326 348 12 18 358 347 357 355 350 333 329 330 351 351 2 351 343 343 347 347 348 348 348 345 0 -1 -1 -1 205 191 202 225 248 249 246 244 240 231 206 216 225 223 228 249 263 275 275 274 271 255 238 226 202 183 162 131 103 108 127 153 160 155 147 150 152 159 168 172 174 171 168 167 176 208 288 308 312 320 332 45
280 16 24 15 11 0 328 313 310 303 303 305 298 298 303 321 337 354 10 15 356 351 342 348 343 342 334 338 333 344 358 351 343 339 345 347 351 349 351 355 124 141 151 169 187 197 215 230 243 233 226 223 216 209 195 195 205 207 210 246 260 268 272 259 243 222 215 213 201 192 182 130 101 100 107 130 156 145 151 158 161 159 164 174 176 176 178 176 176 265 300 311 315 322 332 19
237 274 14 29 36 24 338 315 313 307 307 309 303 309 309 312 327 357 0 13 16 348 315 328 333 330 329 340 335 332 346 342 339 335 342 347 352 -1 -1 -1 140 150 165 171 180 209 227 232 232 225 217 209 204 198 188 192 204 207 220 255 263 266 265 246 220 205 209 210 205 206 215 147 120 104 97 102 126 116 140 160 167 167 160 160 177 182 209 225 288 305 308 316 321 330 345 47
241 246 280 29 56 35 345 345 321 313 310 308 308 306 311 320 338 -1 -1 -1 21 338 274 294 313 320 329 330 329 321 328 324 329 328 336 346 -1 -1 161 151 155 140 151 176 177 188 221 233 227 225 204 193 189 188 187 193 206 216 236 254 259 260 256 234 208 202 210 209 209 214 218 180 147 123 123 106 97 108 106 117 147 165 157 158 182 195 310 307 305 307 313 316 323 338 5 83
258 252 248 245 243 74 29 341 313 304 303 306 305 298 299 308 -1 -1 -1 -1 -1 -1 244 266 284 298 315 301 315 312 311 306 311 311 298 -1 180 160 158 164 158 143 153 181 180 199 226 223 215 215 192 180 179 182 188 196 212 229 244 253 256 253 247 227 205 207 207 215 213 204 203 203 184 162 145 128 114 131 122 118 135 160 164 174 -1 296 321 317 311 310 313 317 324 347 42 83
265 259 254 252 245 151 -1 322 293 285 284 293 298 277 272 251 -1 -1 191 172 157 198 240 252 258 263 263 254 268 285 297 279 270 231 198 198 177 164 162 168 159 145 155 181 181 213 225 216 213 209 181 170 173 180 191 203 220 233 244 251 256 254 250 242 226 208 215 220 212 194 188 192 184 164 154 147 138 144 140 140 146 163 -1 291 304 315 319 316 315 315 316 308 308 315 -1 119
266 264 264 261 258 243 286 294 274 270 270 274 278 254 236 205 185 187 184 189 177 167 225 247 246 248 250 250 256 271 281 254 218 181 180 185 174 165 167 173 159 146 154 174 185 219 218 213 214 201 172 164 164 168 179 196 215 227 239 253 251 248 248 242 223 213 217 219 209 184 174 183 181 160 152 151 150 151 149 155 162 178 329 330 327 327 323 322 315 310 310 268 237 187 149 136
267 268 270 267 279 272 274 278 275 271 267 267 263 262 244 216 194 182 184 191 182 176 249 253 251 253 252 249 258 270 271 233 189 163 169 179 174 166 172 180 162 154 159 167 167 195 216 209 209 210 184 164 160 166 180 202 220 228 244 249 247 247 247 238 218 214 217 220 198 178 166 174 176 161 149 145 151 156 156 156 163 -1 347 345 347 347 335 323 305 294 285 206 195 183 159 137
271 275 278 278 288 279 250 262 273 281 291 285 274 269 239 207 190 182 190 195 192 207 258 257 255 253 250 252 260 266 263 233 152 140 153 171 172 172 170 178 189 172 163 165 166 192 208 202 206 207 177 159 161 169 180 202 219 233 245 253 254 254 247 232 217 219 221 215 190 177 177 165 170 171 165 153 146 160 186 330 342 348 356 0 3 1 347 332 296 259 228 187 190 191 170 142
280 281 285 289 289 229 233 252 265 276 292 298 288 251 229 202 186 184 195 196 210 239 247 248 249 248 248 262 266 266 266 264 -1 114 119 133 142 165 176 186 195 171 168 170 166 186 203 202 206 204 176 156 161 178 189 201 225 244 251 266 267 258 241 241 219 221 221 212 190 187 180 171 170 171 167 159 155 160 319 330 343 350 2 13 17 14 1 349 -1 198 190 179 191 198 181 151
296 293 292 293 255 200 237 250 259 261 265 270 266 232 218 194 181 188 201 206 225 240 240 247 251 256 257 262 260 260 260 258 -1 111 115 124 134 157 179 195 195 173 175 172 165 183 202 202 204 200 182 155 158 182 192 197 216 240 253 271 275 270 247 224 220 220 210 197 185 188 185 177 173 172 167 166 177 300 320 323 339 351 17 39 43 37 16 -1 119 119 147 143 168 192 203 187
301 298 294 289 235 235 261 261 259 238 240 240 236 232 211 211 186 177 192 215 225 235 244 261 266 266 264 246 247 254 259 260 140 117 119 123 131 150 180 198 188 178 185 170 162 183 204 194 194 196 198 190 162 158 180 215 243 258 266 274 265 244 216 212 215 206 197 189 185 190 189 180 175 182 187 287 319 325 323 321 334 334 -1 98 102 98 83 -1 129 121 125 143 154 191 204 188
304 300 297 283 239 253 268 268 261 211 217 231 237 239 231 209 178 168 213 241 242 246 255 254 253 250 248 252 259 262 260 256 151 124 125 125 133 146 179 196 181 177 181 184 167 165 200 203 182 188 204 192 168 167 187 244 265 275 278 268 245 211 201 210 196 190 190 188 184 193 190 180 180 265 265 307 319 323 310 313 315 325 150 139 136 141 156 178 154 141 130 130 151 186 200 183
311 307 303 302 200 233 245 245 230 182 208 232 239 239 228 208 171 163 229 241 236 242 250 243 240 242 247 276 275 259 243 229 156 156 130 131 131 135 147 177 194 176 180 176 163 171 211 199 177 187 210 187 166 178 210 276 282 282 279 268 215 190 195 202 185 184 190 190 191 198 199 191 191 302 312 313 308 306 249 255 245 183 163 157 155 167 188 180 161 156 149 141 165 184 194 173
306 304 305 304 194 236 237 227 198 165 212 237 240 237 239 200 173 183 221 225 230 242 244 254 259 265 265 278 269 253 229 225 209 156 132 131 130 127 143 175 190 175 176 172 163 181 213 194 178 196 208 185 169 208 262 293 291 285 274 274 209 191 180 188 184 180 183 190 194 212 218 232 279 307 301 280 248 241 231 227 203 176 163 164 165 182 196 179 163 159 159 160 179 179 189 183
296 292 284 139 194 227 225 213 180 154 234 255 258 255 218 186 181 198 232 232 241 252 257 273 280 287 287 278 228 212 206 218 199 155 134 129 123 114 128 167 184 174 173 172 171 197 208 190 182 203 209 202 202 225 287 294 291 287 276 248 186 182 175 179 176 181 187 192 200 249 273 298 311 264 222 203 205 219 232 220 193 175 168 164 171 171 194 204 175 161 157 160 178 193 189 167
275 264 209 160 194 215 218 209 173 172 261 261 272 271 215 195 187 198 262 273 268 266 268 278 278 273 259 240 207 200 207 217 194 158 132 126 119 117 119 149 176 174 174 176 186 186 211 203 187 187 206 230 251 279 293 270 267 257 235 205 177 175 171 169 171 184 199 211 227 301 300 300 294 264 192 195 201 221 221 229 213 188 174 164 162 178 208 201 172 156 157 163 196 210 171 150
252 239 203 180 180 197 213 214 208 204 212 255 258 246 204 199 212 238 266 266 265 266 271 266 255 226 208 208 203 202 213 214 194 170 129 119 123 117 119 116 130 145 172 180 182 197 206 197 190 197 218 262 271 274 273 234 235 222 204 192 172 166 167 165 177 210 254 283 299 293 278 278 252 217 185 192 198 202 230 234 212 184 171 163 166 191 214 197 172 154 156 170 220 206 154 145
243 240 234 213 190 209 215 206 206 260 273 254 237 222 220 223 246 260 266 239 251 259 262 242 210 189 194 203 202 209 209 218 207 202 191 133 111 103 112 118 123 145 165 186 183 199 204 207 216 234 253 235 234 234 232 223 221 206 197 189 167 159 163 163 166 199 245 271 286 229 224 217 204 192 190 197 200 208 244 234 205 181 167 162 174 204 214 194 174 154 153 180 216 182 153 147
237 234 230 218 202 237 232 220 242 319 323 319 250 229 294 268 259 253 242 243 250 252 250 235 213 182 175 193 200 201 216 218 210 215 204 147 107 102 109 123 127 132 162 190 183 194 213 221 223 231 235 204 212 218 217 219 219 211 201 197 181 162 154 159 167 210 229 226 230 208 208 209 202 193 200 200 206 227 239 217 194 180 164 162 185 214 213 194 177 177 154 151 192 196 170 156
239 240 239 234 229 280 299 323 321 319 337 343 349 325 341 341 308 272 252 235 240 245 243 216 190 170 173 195 195 205 221 215 210 222 206 166 116 119 116 124 134 135 160 191 190 196 215 211 211 211 213 199 194 209 218 223 215 204 203 199 177 156 149 153 166 209 211 204 209 212 217 219 213 205 200 199 214 237 230 203 187 180 180 166 165 200 221 212 205 182 151 147 166 177 163 155
284 284 284 279 274 292 305 321 321 330 321 328 332 343 336 351 315 272 246 222 231 233 228 201 177 166 175 196 194 215 228 218 219 220 204 176 139 128 123 128 139 139 141 160 191 195 201 206 204 210 210 195 194 215 227 223 210 207 212 202 169 151 144 146 167 200 194 196 206 219 229 231 226 211 198 198 204 221 234 221 190 180 181 173 181 219 225 213 213 190 154 142 140 161 160 153
284 308 306 306 304 274 275 281 290 306 267 295 312 318 -1 -1 -1 225 219 213 220 218 214 192 176 168 180 194 202 229 234 221 221 218 218 199 175 146 131 131 134 138 139 159 192 195 198 202 206 209 204 197 202 224 230 222 216 225 225 199 162 150 143 142 170 190 188 188 197 219 232 241 240 231 205 201 213 225 230 206 179 178 185 184 202 225 218 213 222 203 163 135 124 144 155 149
306 299 293 285 279 233 244 252 250 246 270 279 288 -1 -1 -1 171 182 199 213 212 203 202 192 180 173 184 184 192 216 234 229 216 222 218 192 170 143 135 139 142 139 137 154 187 193 198 202 209 207 202 201 212 227 222 214 237 239 219 182 168 160 153 143 138 154 184 192 207 219 246 247 238 224 207 210 217 220 222 194 174 176 186 194 213 219 214 217 232 210 176 131 119 119 133 149
303 293 277 252 231 236 246 249 250 255 289 287 288 -1 -1 141 150 165 194 188 204 197 185 186 188 188 183 187 190 218 227 222 216 228 213 184 161 141 137 139 143 141 139 152 181 191 194 214 212 205 204 207 220 220 226 220 242 242 231 200 160 158 153 145 138 143 243 258 233 235 248 245 237 222 218 208 207 209 208 190 172 175 185 205 218 219 219 219 231 231 213 186 133 116 127 144
298 275 247 223 222 279 281 276 277 285 288 287 287 282 -1 166 149 151 162 180 192 184 169 172 190 199 198 188 188 215 221 223 227 231 199 171 152 141 138 141 144 143 140 153 209 209 243 3 2 334 203 5 226 228 229 233 237 234 223 189 156 152 150 144 140 319 335 356 10 259 252 249 242 229 211 186 195 207 204 202 188 173 174 196 218 223 222 224 236 236 228 191 128 112 117 136
282 238 223 238 264 300 305 308 301 291 280 268 250 205 183 168 162 167 168 178 185 176 162 165 197 210 206 184 188 215 227 239 244 219 176 156 146 140 138 136 140 148 147 147 303 327 346 2 13 20 21 26 24 253 240 239 235 233 215 186 156 144 145 144 152 314 327 0 38 37 257 257 251 247 234 177 170 191 207 201 188 176 176 196 219 220 225 231 241 238 226 191 132 109 106 120
273 243 241 264 292 300 312 311 307 296 252 232 202 183 178 165 167 179 174 180 185 172 161 169 207 215 206 181 192 218 233 233 242 221 202 162 147 143 137 133 130 142 153 271 305 323 344 358 15 24 24 39 39 33 241 234 239 231 213 187 154 139 143 166 166 302 309 321 4 56 71 303 260 255 201 163 167 192 206 200 187 179 183 207 213 219 232 239 239 230 215 195 147 117 105 109
252 264 278 296 308 313 318 301 290 276 216 201 185 178 174 162 168 180 175 181 186 171 163 163 190 210 210 200 182 189 207 216 220 215 196 159 144 140 133 135 126 133 236 289 297 310 334 341 16 32 36 39 40 45 47 240 239 239 231 221 190 150 139 150 290 308 307 318 12 62 77 64 260 245 201 166 168 197 208 -1 190 177 190 213 235 229 239 242 234 219 219 209 202 182 133 113
258 287 291 299 308 318 325 284 248 225 204 185 171 170 169 161 161 169 179 176 177 182 175 168 190 205 203 199 186 180 196 203 209 213 197 162 142 133 120 130 129 131 273 279 279 282 301 294 9 9 40 45 36 36 44 49 54 239 231 222 187 156 148 309 312 316 310 313 26 71 79 67 242 217 187 305 348 355 346 11 4 4 5 5 14 33 264 246 239 224 212 209 207 182 143 121
282 282 288 295 301 316 -1 -1 203 203 197 199 181 158 151 138 156 173 182 176 171 179 183 174 186 200 204 201 183 171 191 200 207 213 201 172 144 123 111 112 118 136 136 258 259 255 253 268 287 349 38 40 30 38 46 53 54 43 238 218 186 -1 312 309 314 309 312 313 59 83 60 49 29 232 232 335 332 344 358 4 13 6 5 10 22 45 52 250 233 222 215 212 207 178 152 128
276 275 279 284 291 301 -1 145 167 180 196 204 190 151 125 131 149 174 186 180 169 177 187 176 184 200 210 203 176 165 187 198 207 214 204 204 189 155 129 114 103 97 128 247 254 255 258 282 295 342 32 31 34 48 54 56 47 41 13 267 197 341 326 302 300 309 296 316 316 64 47 40 41 28 350 342 332 336 350 4 17 7 7 16 21 47 61 -1 233 227 217 209 200 178 158 129
276 289 285 284 286 289 164 167 161 169 196 208 195 159 130 135 145 169 186 186 173 179 185 173 184 207 215 215 201 166 161 184 197 209 213 211 206 170 135 125 120 110 133 280 274 274 277 290 296 339 22 25 40 52 54 49 44 39 21 11 356 358 345 342 311 285 283 284 311 45 30 36 38 23 357 351 339 335 343 22 34 1 356 11 28 55 63 56 248 315 223 204 193 -1 -1 339
289 288 287 283 268 205 179 181 165 165 194 203 186 160 140 140 146 159 181 188 185 180 182 179 171 190 215 215 197 168 158 181 197 209 217 226 223 178 142 135 138 139 128 329 309 297 293 294 295 328 15 28 42 42 49 46 41 45 35 18 12 357 344 350 343 308 309 296 317 14 25 37 33 22 7 358 348 341 349 22 41 346 337 2 46 55 49 49 36 26 20 14 355 3 350 340
285 283 282 272 221 180 186 181 172 169 192 197 179 179 156 136 142 150 151 170 180 184 180 173 174 201 217 209 193 176 158 173 195 207 235 242 227 174 144 135 138 322 337 339 329 313 313 304 295 294 314 7 28 42 47 45 44 39 25 14 12 355 339 346 357 344 331 314 320 355 21 29 23 23 16 2 355 353 7 7 47 41 338 326 7 43 34 24 28 32 26 17 9 7 353 337
