smalldata/aspect.asc
ncols         500
nrows         500
xllcorner     526651.492
yllcorner     3648615.34
cellsize      30
NODATA_value  -9999
[rows 0 to 43 of 500, columns 192 to 287 of 500]
253 261 267 256 235 214 204 225 231 246 258 263 275 276 277 278 280 -1 74 79 81 90 87 101 128 140 161 175 -1 -1 -1 -1 -1 266 276 306 306 300 291 300 292 284 277 -1 192 221 246 252 256 265 268 271 272 -1 -1 97 107 216 257 273 281 283 275 -1 -1 80 88 93 98 -1 270 282 -1 285 300 344 -1 -1 -1 -1 -1 -1 -1 -1 -1 -1 -1 -1 -1 -1 -1 237 230 229 244 239
268 267 265 228 218 219 221 225 240 255 266 272 268 267 267 270 273 277 -1 90 92 111 108 110 126 143 167 -1 -1 -1 -1 -1 308 308 304 310 308 307 304 300 286 257 206 188 228 261 268 268 264 262 265 271 276 265 -1 90 99 196 254 262 265 270 255 -1 -1 101 96 91 90 -1 262 262 -1 254 247 -1 191 -1 -1 -1 -1 -1 -1 -1 -1 -1 -1 -1 -1 -1 -1 -1 219 229 244 264
249 248 240 217 219 227 227 220 227 248 260 266 261 261 266 268 270 272 -1 112 111 125 120 116 120 139 -1 -1 -1 -1 -1 302 308 309 310 305 302 301 301 300 287 239 195 187 244 258 267 267 263 260 264 265 265 238 177 103 104 180 245 246 248 254 255 -1 93 100 96 86 84 -1 260 258 -1 -1 205 206 209 208 206 -1 -1 -1 -1 -1 -1 -1 -1 -1 -1 -1 -1 -1 -1 266 272 293
246 239 234 223 225 228 226 221 231 247 259 263 279 282 283 279 274 270 135 122 123 131 122 110 103 108 -1 -1 -1 -1 -1 290 290 296 301 301 299 297 296 295 -1 183 173 204 266 261 259 258 257 258 254 248 241 219 191 130 111 167 250 255 258 264 270 -1 71 71 80 68 70 66 -1 258 225 190 177 193 249 257 270 285 302 -1 -1 -1 -1 -1 3 352 18 38 31 -1 309 296 295 292
255 236 228 244 246 229 218 221 255 266 273 278 289 291 291 289 284 -1 135 129 129 139 135 115 90 90 -1 -1 -1 -1 -1 -1 274 284 295 289 291 292 294 292 171 163 -1 259 268 262 255 254 259 248 241 230 221 219 197 148 127 171 208 266 274 273 270 258 -1 37 60 55 50 45 45 -1 221 209 -1 -1 249 304 306 306 309 -1 -1 -1 356 8 4 355 5 25 26 26 13 345 318 320
-1 -1 237 297 290 -1 234 247 288 289 288 288 284 285 289 292 288 127 127 126 130 138 149 154 -1 -1 -1 -1 -1 -1 -1 -1 276 279 284 281 286 284 278 257 172 180 231 264 257 260 258 254 254 241 227 227 214 208 209 191 157 149 250 268 268 264 260 265 291 10 51 51 45 45 61 102 284 306 0 345 311 326 324 325 334 3 340 339 339 356 13 4 354 353 6 27 21 7 346 -1
3 347 315 322 322 349 324 292 296 289 289 289 293 287 285 289 290 -1 112 113 121 138 160 180 -1 -1 -1 -1 -1 -1 -1 282 282 276 274 279 280 268 244 202 191 215 249 249 257 278 277 275 261 267 243 212 198 201 196 178 160 169 275 265 256 254 258 270 283 348 53 54 52 66 85 92 302 321 352 358 338 352 345 348 348 8 358 338 340 5 15 4 352 340 345 21 30 25 11 -1
346 350 336 343 327 323 341 337 329 317 306 297 316 303 292 293 298 108 112 113 121 137 163 198 192 -1 -1 -1 -1 -1 -1 263 273 276 277 274 274 268 248 219 186 210 248 278 283 310 307 310 288 303 -1 183 180 190 180 165 173 253 278 270 265 264 265 267 272 303 57 54 99 99 110 112 288 300 313 343 2 354 348 0 6 2 347 332 334 12 -1 0 353 339 345 355 24 40 40 45
290 317 341 339 329 317 322 330 321 328 328 321 333 323 307 302 315 123 123 125 128 135 -1 198 195 184 -1 -1 -1 -1 -1 -1 264 271 279 273 264 252 232 205 190 257 281 305 317 318 321 341 336 -1 -1 150 161 174 160 166 239 276 263 271 271 267 267 255 257 261 270 73 121 130 132 135 311 315 303 323 356 354 339 11 27 -1 326 321 -1 -1 -1 -1 341 341 336 328 20 50 53 56
280 288 311 296 311 311 305 309 298 312 326 331 333 326 316 309 124 125 128 131 137 142 151 -1 -1 198 183 183 -1 -1 -1 -1 267 271 274 273 249 237 218 196 281 294 295 309 321 325 332 350 2 45 78 112 139 150 139 139 186 249 257 249 253 251 252 263 267 268 259 118 121 133 141 280 316 332 308 302 336 -1 -1 -1 -1 -1 -1 -1 -1 -1 -1 -1 -1 -1 -1 290 284 -1 66 45
280 273 272 275 292 305 299 292 286 291 304 320 332 321 321 315 -1 122 119 122 128 138 153 -1 -1 192 183 191 198 -1 -1 251 264 263 261 258 233 225 222 225 302 302 302 311 322 336 344 344 358 38 59 72 85 108 100 114 194 241 243 239 240 245 255 274 281 284 -1 115 96 110 -1 297 295 331 323 298 -1 -1 -1 -1 -1 -1 -1 -1 -1 -1 -1 -1 -1 -1 288 282 -1 -1 67 18
277 266 262 275 271 288 298 298 290 288 288 291 300 298 307 -1 132 129 121 119 124 139 153 -1 180 183 183 200 213 -1 -1 261 255 251 250 246 228 233 251 278 293 301 304 308 316 322 341 358 10 38 83 80 78 86 81 93 156 232 238 243 250 259 267 265 270 279 -1 88 85 96 253 274 251 251 266 308 334 18 26 -1 -1 -1 212 220 -1 -1 -1 213 229 262 288 -1 -1 -1 3 1
254 260 262 260 247 257 268 284 280 283 284 286 289 286 -1 144 140 139 131 124 120 135 -1 161 165 176 188 220 236 -1 -1 270 261 261 257 257 272 273 278 282 292 294 299 304 309 306 347 45 -1 86 122 101 81 74 72 74 90 216 236 247 254 261 264 247 251 256 256 -1 102 91 88 244 253 242 239 251 -1 -1 135 -1 175 190 210 214 212 206 -1 -1 257 274 290 327 321 319 334 1
232 236 240 241 252 262 266 272 275 272 271 275 282 266 132 142 146 144 141 135 126 129 147 -1 146 146 165 -1 251 258 -1 274 284 299 289 278 299 315 307 294 291 287 290 294 297 285 -1 115 142 145 161 146 101 71 96 85 83 144 237 236 246 244 247 245 246 246 245 220 127 101 83 -1 256 271 266 254 228 169 161 168 171 185 217 228 229 225 303 333 315 299 306 343 343 335 321 326
227 225 232 239 274 280 282 279 292 286 281 279 280 170 136 141 148 144 141 144 142 139 154 158 153 140 -1 -1 273 270 -1 281 284 295 297 293 298 307 310 303 291 289 286 287 289 230 158 132 145 161 181 181 182 165 156 138 135 115 125 236 247 242 243 245 262 255 248 215 132 120 112 -1 278 277 277 264 225 141 135 166 175 190 235 248 255 255 274 311 324 322 317 331 344 341 330 326
253 253 259 266 283 284 289 293 299 301 302 302 291 203 157 138 138 142 135 139 139 143 156 167 153 141 -1 -1 274 270 274 280 283 286 289 292 277 285 298 307 299 294 286 281 281 238 172 163 147 141 160 190 187 177 165 151 152 138 135 250 261 262 263 264 266 257 250 212 120 116 135 249 275 236 236 237 225 206 171 141 152 171 229 255 267 283 300 302 312 317 322 321 334 340 334 327
287 295 286 283 285 285 281 284 291 289 291 292 274 162 152 143 137 135 139 139 135 139 -1 -1 -1 -1 -1 -1 -1 262 270 280 277 281 282 280 271 271 279 286 297 294 296 288 274 186 156 162 160 150 169 189 177 172 165 159 152 142 146 263 275 281 279 273 253 248 247 214 90 81 81 81 242 196 216 230 229 210 187 160 150 172 231 247 259 275 292 295 304 309 312 298 309 330 -1 -1
310 293 289 285 278 282 282 283 285 280 274 256 196 142 147 150 140 135 135 139 135 129 -1 -1 -1 -1 -1 251 251 251 255 261 267 267 265 266 265 273 275 278 286 287 290 282 255 161 135 147 162 159 175 185 166 166 171 165 154 146 176 268 274 276 272 272 240 238 242 246 245 90 66 59 -1 154 213 237 234 210 190 176 171 194 250 251 258 268 283 277 284 293 295 262 253 -1 -1 -1
347 295 272 275 286 291 289 283 281 282 267 236 173 114 116 135 130 126 126 139 -1 -1 -1 -1 -1 -1 -1 -1 -1 243 253 261 257 251 252 258 262 264 264 270 278 280 278 261 221 160 131 136 158 163 176 181 161 159 172 165 166 159 156 262 272 270 261 248 229 237 245 249 239 190 102 90 112 144 204 237 235 212 189 183 195 230 315 298 277 271 271 257 263 263 267 230 220 210 197 183
34 -1 279 281 293 302 300 291 288 292 274 240 151 68 59 59 62 90 91 118 150 -1 -1 -1 -1 -1 -1 -1 -1 251 257 259 250 248 252 258 263 263 268 273 276 266 252 218 190 160 145 137 137 155 168 180 180 158 154 156 163 167 187 286 274 259 239 227 244 251 257 256 239 189 158 130 129 158 205 236 229 206 222 246 286 286 328 346 338 301 270 250 246 241 236 230 204 199 195 203
54 18 288 287 280 289 299 299 296 292 294 286 -1 0 26 40 51 67 76 91 -1 -1 -1 -1 -1 -1 -1 -1 -1 251 253 251 251 259 267 268 270 268 274 277 273 259 248 213 182 178 174 155 141 153 169 184 180 156 149 149 161 198 266 286 272 251 233 234 262 267 270 259 217 178 165 147 150 305 305 351 303 251 318 325 333 326 342 2 0 327 276 262 235 226 225 216 208 202 215 250
53 63 18 292 287 272 271 282 289 279 283 288 308 0 4 40 53 60 80 85 102 -1 -1 -1 -1 -1 -1 -1 -1 -1 234 242 254 254 263 273 275 264 266 262 261 246 230 185 166 173 181 161 142 149 168 182 182 160 146 145 -1 273 287 286 268 260 259 262 271 272 268 268 239 162 168 162 152 297 315 348 357 333 338 333 337 338 2 19 20 2 -1 -1 -1 230 227 218 243 261 283 280
62 49 8 319 307 287 274 271 275 266 270 284 306 336 356 59 68 73 94 95 104 -1 -1 -1 -1 -1 -1 -1 -1 -1 -1 231 258 258 260 262 262 256 255 251 249 237 215 174 154 168 189 165 144 149 165 182 189 161 141 157 251 277 278 278 270 270 271 273 267 270 264 251 203 152 157 161 191 302 308 332 354 350 345 338 339 349 2 30 29 17 12 29 15 -1 239 238 288 289 300 296
-1 22 3 338 307 312 305 287 271 280 272 279 293 315 -1 94 92 93 97 97 95 97 -1 -1 -1 -1 -1 -1 -1 -1 -1 -1 253 256 255 255 255 254 251 249 246 231 208 176 153 168 194 173 154 154 163 188 188 196 163 142 192 255 267 270 262 262 263 263 257 255 247 232 190 143 143 203 292 300 303 317 340 348 342 344 345 358 16 33 28 28 18 24 30 21 6 329 308 289 293 291
295 345 353 347 321 317 320 318 302 301 272 272 263 263 219 183 122 105 103 100 98 93 -1 -1 -1 -1 -1 -1 -1 -1 -1 -1 246 251 254 255 255 260 253 247 243 225 201 173 158 158 184 199 178 162 156 163 190 191 161 153 229 258 259 261 255 250 251 254 248 243 235 226 192 136 149 278 294 300 294 302 320 334 298 320 338 349 6 22 29 24 19 30 33 26 22 2 265 270 277 275
280 315 340 348 348 322 313 313 321 -1 -1 233 227 227 208 193 149 115 107 105 105 102 -1 -1 -1 -1 -1 -1 -1 -1 -1 -1 -1 255 258 261 262 268 261 252 247 236 217 188 166 159 196 199 180 170 158 163 180 177 159 183 254 259 256 257 255 252 252 251 252 247 240 235 195 136 216 216 276 284 260 262 267 280 260 271 297 339 9 19 23 25 24 40 45 46 56 63 221 252 258 253
273 275 285 309 332 298 299 292 290 188 185 194 203 210 210 203 169 124 107 108 106 -1 -1 -1 -1 -1 -1 -1 -1 -1 -1 -1 -1 -1 267 266 268 257 244 239 240 236 210 177 158 153 188 186 180 176 163 161 168 165 157 243 265 264 262 259 261 259 258 258 256 249 244 240 236 169 156 252 267 263 258 250 250 254 264 263 268 293 0 3 16 26 32 69 80 96 111 137 217 239 239 232
266 263 259 263 285 250 249 246 227 181 182 187 197 206 215 215 188 135 113 105 101 -1 -1 -1 -1 -1 -1 -1 -1 -1 -1 -1 -1 -1 258 263 263 236 225 230 232 229 200 182 168 164 183 180 180 176 167 159 157 156 164 263 263 272 274 270 270 260 254 253 252 229 217 213 203 184 231 283 282 272 303 285 274 268 289 279 270 268 296 -1 -1 45 60 69 117 117 122 132 157 217 232 235
257 246 238 239 245 228 225 218 199 181 183 190 199 209 217 217 221 201 143 113 96 93 -1 -1 -1 -1 -1 -1 -1 -1 -1 -1 -1 -1 261 258 250 230 228 233 230 220 195 190 186 182 194 184 175 175 168 158 156 151 147 -1 281 278 278 276 257 248 244 243 238 204 197 193 188 258 291 301 305 309 304 302 299 296 290 279 266 258 258 252 251 -1 117 116 102 101 106 118 99 221 234 241
248 230 225 228 229 227 223 211 211 191 182 191 201 208 221 231 234 212 151 123 106 101 -1 -1 -1 -1 -1 -1 -1 -1 -1 -1 -1 -1 262 252 242 241 239 235 221 221 201 195 194 197 219 212 -1 -1 -1 147 153 -1 -1 -1 281 276 272 267 239 229 225 222 214 191 192 191 201 301 299 299 297 299 241 255 274 285 290 260 255 249 247 259 249 -1 116 105 52 59 67 77 74 -1 240 247
240 240 229 227 228 230 229 225 208 188 191 205 214 219 251 267 257 221 161 130 116 111 -1 -1 -1 -1 -1 -1 -1 -1 -1 -1 -1 -1 -1 257 253 256 248 239 228 210 213 206 206 219 -1 -1 -1 -1 -1 -1 -1 -1 -1 -1 266 262 258 251 214 207 204 203 196 221 267 267 304 329 310 298 282 254 274 262 260 261 262 262 268 268 261 289 295 -1 45 47 50 60 65 70 81 94 239 241
258 254 258 253 238 227 228 225 207 188 210 218 225 233 258 266 261 -1 161 -1 105 111 122 -1 -1 -1 -1 -1 -1 -1 -1 -1 -1 -1 -1 -1 259 263 249 242 229 213 -1 -1 -1 -1 -1 -1 -1 -1 -1 -1 -1 -1 -1 -1 243 239 233 225 205 206 208 203 196 325 322 332 345 329 315 309 308 308 342 321 279 261 260 299 311 321 306 339 351 14 8 27 84 81 80 80 85 85 96 208
-1 312 306 299 248 -1 247 234 214 201 235 235 239 247 254 252 242 -1 -1 -1 -1 93 101 108 -1 -1 -1 -1 -1 -1 -1 -1 -1 -1 -1 265 270 261 248 240 230 225 -1 -1 -1 -1 -1 -1 -1 -1 -1 -1 -1 -1 -1 -1 -1 225 221 213 201 222 239 254 302 323 323 331 348 335 322 310 319 341 340 355 341 288 285 302 320 337 341 356 25 52 52 -1 161 128 93 82 82 84 91 147
351 333 336 351 -1 11 -1 243 232 229 254 251 251 249 251 247 245 239 -1 -1 -1 97 100 108 -1 -1 -1 -1 -1 -1 -1 -1 -1 -1 -1 278 273 251 -1 231 230 236 243 243 -1 -1 -1 -1 -1 -1 -1 -1 -1 -1 -1 -1 -1 225 214 201 231 268 283 306 318 307 309 318 340 339 338 319 302 315 321 0 11 321 321 306 297 311 329 335 40 91 113 156 159 168 135 97 85 82 79 96
352 334 349 6 18 25 32 18 -1 257 285 -1 -1 248 248 240 239 230 216 216 -1 108 102 111 122 135 147 -1 -1 -1 -1 -1 -1 -1 -1 -1 257 251 230 225 231 243 241 241 243 243 -1 -1 -1 -1 -1 -1 -1 -1 -1 -1 -1 -1 -1 -1 231 296 295 307 308 292 295 303 323 339 339 339 339 322 322 318 350 14 347 330 312 317 328 335 63 90 102 131 125 164 172 153 104 109 82 77
24 343 335 350 9 29 34 28 354 305 -1 -1 -1 -1 243 239 234 222 216 218 188 143 120 113 122 122 -1 -1 -1 -1 -1 -1 -1 -1 261 -1 -1 -1 218 225 240 243 243 246 248 251 -1 -1 -1 -1 -1 -1 -1 -1 -1 -1 -1 333 338 356 322 305 288 289 289 287 283 284 289 302 302 322 337 336 329 324 337 5 357 343 326 328 348 13 66 74 78 91 87 120 165 179 163 165 118 93
18 346 336 347 10 29 42 38 21 338 -1 -1 -1 -1 -1 237 231 227 225 209 191 166 147 147 -1 -1 116 -1 -1 -1 -1 -1 -1 -1 257 251 -1 -1 -1 -1 244 241 248 248 246 243 -1 -1 -1 -1 -1 -1 -1 -1 -1 -1 315 330 346 351 358 1 323 295 291 298 289 281 280 287 291 302 317 326 329 322 327 351 357 342 324 328 2 45 103 95 80 75 84 82 82 98 162 130 174 169
11 346 330 -1 -1 41 54 48 41 18 -1 -1 -1 -1 -1 -1 -1 243 239 229 206 198 180 151 -1 -1 -1 -1 -1 -1 -1 -1 -1 -1 -1 -1 -1 -1 -1 -1 241 244 244 248 248 243 -1 -1 -1 -1 -1 -1 -1 -1 -1 -1 305 318 342 354 2 10 336 306 299 295 297 289 284 285 274 274 281 294 314 295 307 330 353 241 254 249 249 -1 148 140 140 135 163 117 84 67 69 84 131 185
5 -1 -1 -1 -1 -1 -1 61 53 53 -1 -1 -1 -1 -1 -1 -1 -1 241 229 198 198 195 -1 -1 -1 -1 -1 -1 -1 -1 -1 -1 -1 -1 -1 -1 -1 -1 -1 -1 244 254 251 246 248 257 257 -1 -1 -1 -1 -1 -1 -1 -1 277 285 315 351 4 0 339 305 291 279 281 279 276 274 262 257 261 268 279 273 273 265 241 195 196 203 203 180 164 156 155 161 177 166 120 81 70 81 93 164
-1 -1 -1 -1 -1 -1 -1 -1 -1 77 -1 -1 -1 -1 -1 -1 -1 -1 -1 231 -1 -1 -1 -1 -1 -1 -1 -1 -1 -1 -1 -1 -1 -1 -1 -1 -1 -1 -1 -1 -1 -1 254 254 248 246 251 244 -1 -1 -1 -1 195 -1 -1 -1 249 253 254 -1 339 340 344 310 283 279 275 276 276 276 285 279 277 276 274 269 249 211 196 193 190 197 200 186 168 161 161 167 177 190 179 135 84 85 86 110
-1 -1 -1 -1 -1 -1 -1 -1 -1 -1 -1 -1 -1 -1 -1 -1 -1 -1 -1 -1 -1 -1 -1 -1 -1 -1 -1 -1 -1 -1 -1 -1 -1 -1 -1 -1 -1 -1 -1 -1 -1 -1 254 246 248 248 244 234 215 194 180 187 201 202 198 229 248 252 252 270 270 286 315 344 322 292 288 286 290 290 279 280 284 285 280 228 205 185 189 188 184 198 202 188 168 158 160 166 181 202 209 203 101 104 104 90
-1 -1 -1 -1 -1 -1 -1 -1 -1 -1 -1 -1 -1 -1 -1 -1 -1 -1 -1 -1 -1 -1 -1 -1 -1 -1 -1 -1 -1 -1 -1 -1 -1 -1 -1 -1 -1 -1 -1 -1 -1 -1 251 257 254 -1 241 214 194 184 177 186 211 211 213 214 230 260 260 260 270 278 296 329 329 303 283 281 282 281 260 261 263 260 247 201 191 187 197 188 171 199 204 189 172 153 153 151 161 190 219 225 217 185 135 105
-1 -1 -1 -1 -1 -1 -1 -1 -1 -1 -1 -1 -1 -1 -1 -1 -1 -1 -1 -1 -1 -1 -1 -1 -1 -1 -1 -1 -1 -1 -1 -1 -1 -1 -1 -1 -1 -1 -1 -1 -1 -1 -1 -1 251 -1 -1 -1 -1 180 171 172 194 217 225 229 244 259 259 259 265 273 290 315 331 312 289 270 262 259 253 250 240 225 211 197 202 216 212 212 145 156 195 206 203 180 151 142 152 203 225 219 208 201 163 121
-1 -1 -1 -1 -1 -1 -1 -1 -1 -1 -1 -1 -1 -1 -1 -1 -1 -1 -1 -1 -1 -1 -1 -1 -1 -1 -1 -1 -1 -1 -1 -1 -1 -1 -1 -1 -1 -1 -1 -1 -1 -1 -1 -1 -1 -1 -1 -1 -1 -1 147 158 -1 229 239 246 255 251 253 255 262 270 284 304 334 342 329 280 252 251 256 242 242 221 207 197 211 237 245 191 134 140 187 208 211 186 154 139 150 206 216 206 204 212 184 137
