smalldata/dem.asc
ncols         500
nrows         500
xllcorner     526651.492
yllcorner     3648615.34
cellsize      30
NODATA_value  -9999
[rows 0 to 37 of 500, columns 344 to 429 of 500]
1241 1234 1235 1229 1229 1228 1229 1244 1247 1248 1246 1241 1246 1244 1242 1239 1242 1242 1242 1242 1243 1248 1248 1250 1251 1255 1255 1255 1260 1267 1273 1279 1286 1294 1299 1301 1307 1315 1325 1335 1344 1356 1372 1385 1396 1417 1439 1455 1468 1487 1511 1532 1544 1541 1546 1554 1565 1579 1581 1583 1583 1586 1589 1594 1597 1598 1597 1592 1592 1592 1593 1591 1591 1590 1590 1588 1587 1581 1566 1546 1552 1539 1524 1508 1491 1495
1250 1243 1235 1229 1228 1231 1237 1251 1256 1261 1259 1252 1259 1258 1252 1244 1248 1249 1249 1245 1247 1254 1255 1255 1254 1260 1260 1260 1260 1263 1269 1275 1280 1288 1295 1301 1308 1317 1325 1331 1340 1353 1366 1379 1401 1421 1440 1454 1462 1481 1507 1528 1537 1530 1534 1547 1562 1573 1575 1577 1579 1579 1582 1587 1590 1593 1594 1590 1589 1589 1591 1590 1590 1590 1589 1588 1587 1581 1570 1561 1552 1550 1534 1518 1504 1503
1251 1243 1243 1230 1231 1240 1247 1257 1264 1271 1270 1264 1273 1271 1261 1251 1262 1260 1257 1253 1253 1256 1262 1264 1261 1266 1267 1267 1266 1265 1271 1276 1282 1289 1295 1300 1307 1315 1323 1326 1337 1352 1365 1382 1399 1418 1436 1447 1454 1472 1497 1521 1528 1513 1513 1526 1545 1562 1565 1570 1572 1576 1579 1584 1587 1589 1590 1587 1586 1587 1589 1589 1589 1589 1588 1587 1584 1581 1577 1575 1566 1554 1540 1526 1515 1500
1254 1246 1243 1236 1240 1247 1252 1264 1273 1282 1282 1277 1287 1287 1280 1268 1275 1272 1267 1259 1255 1264 1272 1274 1270 1266 1274 1273 1272 1268 1275 1280 1284 1288 1292 1298 1304 1311 1318 1324 1336 1351 1368 1383 1389 1406 1406 1424 1440 1451 1472 1493 1510 1497 1499 1528 1544 1558 1564 1567 1570 1574 1576 1581 1585 1587 1587 1585 1585 1586 1588 1589 1588 1588 1587 1585 1582 1580 1578 1578 1576 1562 1548 1535 1523 1501
1263 1254 1246 1242 1247 1253 1253 1263 1271 1280 1292 1297 1305 1299 1291 1280 1286 1278 1268 1260 1258 1271 1281 1283 1278 1275 1284 1281 1278 1275 1278 1280 1286 1291 1293 1303 1305 1310 1315 1320 1325 1332 1345 1359 1366 1382 1398 1417 1435 1452 1472 1489 1497 1478 1503 1529 1544 1557 1563 1563 1566 1571 1574 1578 1582 1584 1585 1583 1584 1586 1587 1588 1587 1587 1587 1586 1582 1578 1577 1577 1574 1555 1540 1526 1512 1482
1277 1268 1258 1251 1242 1250 1258 1264 1273 1285 1297 1305 1310 1307 1300 1291 1286 1281 1269 1266 1264 1279 1289 1291 1285 1285 1298 1292 1285 1279 1284 1285 1285 1289 1296 1307 1314 1315 1318 1320 1334 1337 1342 1352 1362 1377 1397 1416 1434 1449 1466 1474 1475 1483 1508 1527 1545 1558 1557 1557 1561 1569 1574 1576 1579 1579 1581 1580 1581 1583 1585 1586 1586 1587 1586 1585 1577 1574 1573 1574 1571 1548 1533 1519 1500 1474
1279 1268 1260 1257 1248 1252 1259 1266 1275 1288 1299 1307 1313 1314 1310 1303 1294 1281 1274 1273 1271 1290 1298 1304 1304 1300 1312 1313 1305 1294 1290 1295 1296 1293 1297 1308 1322 1329 1333 1333 1352 1353 1357 1360 1375 1376 1397 1414 1433 1443 1455 1459 1468 1486 1506 1525 1542 1552 1545 1548 1550 1558 1566 1570 1574 1577 1578 1578 1580 1582 1583 1585 1585 1586 1586 1582 1573 1568 1566 1566 1561 1543 1529 1513 1493 1474
1277 1268 1263 1263 1259 1257 1261 1266 1278 1287 1298 1307 1315 1320 1317 1310 1298 1297 1284 1289 1288 1298 1302 1310 1319 1317 1328 1327 1316 1301 1301 1307 1310 1304 1301 1308 1327 1341 1348 1353 1373 1374 1376 1380 1390 1379 1395 1411 1427 1433 1433 1446 1452 1465 1484 1502 1521 1538 1538 1539 1544 1555 1563 1567 1571 1575 1576 1577 1579 1580 1582 1583 1582 1583 1583 1578 1568 1560 1557 1554 1553 1535 1524 1524 1506 1485
1279 1272 1269 1265 1262 1261 1264 1270 1281 1290 1290 1298 1307 1316 1320 1317 1310 1302 1297 1301 1303 1313 1314 1324 1333 1330 1344 1339 1325 1309 1301 1320 1321 1313 1306 1318 1337 1355 1361 1368 1388 1392 1394 1394 1411 1400 1390 1394 1410 1416 1430 1442 1451 1465 1476 1494 1515 1529 1527 1528 1541 1553 1561 1562 1567 1573 1575 1576 1577 1578 1579 1580 1577 1578 1577 1575 1575 1563 1554 1547 1544 1525 1521 1512 1496 1477
1277 1273 1273 1268 1266 1264 1264 1266 1274 1282 1289 1297 1305 1315 1320 1317 1310 1313 1307 1309 1315 1331 1330 1340 1352 1350 1355 1346 1330 1318 1315 1336 1334 1324 1314 1335 1335 1351 1363 1370 1390 1398 1407 1412 1426 1414 1404 1401 1406 1415 1430 1445 1457 1464 1477 1487 1505 1518 1515 1523 1539 1551 1557 1562 1568 1572 1574 1575 1576 1576 1576 1576 1573 1573 1573 1573 1570 1562 1554 1544 1534 1526 1510 1498 1484 1468
1281 1276 1271 1268 1266 1265 1265 1267 1274 1280 1286 1293 1300 1312 1320 1323 1317 1327 1320 1324 1331 1331 1350 1357 1361 1360 1362 1351 1351 1339 1334 1345 1350 1348 1336 1338 1347 1368 1377 1383 1410 1415 1424 1427 1426 1430 1425 1429 1420 1426 1429 1445 1464 1471 1484 1486 1497 1507 1506 1521 1535 1535 1546 1556 1564 1572 1574 1575 1574 1574 1574 1574 1570 1570 1570 1569 1567 1563 1557 1549 1539 1527 1506 1489 1472 1457
1281 1276 1272 1268 1266 1266 1266 1268 1273 1279 1284 1290 1297 1308 1318 1328 1331 1339 1335 1332 1341 1341 1357 1365 1368 1369 1374 1366 1353 1349 1350 1359 1364 1365 1354 1352 1355 1382 1395 1403 1433 1439 1444 1445 1441 1446 1446 1449 1441 1447 1434 1445 1466 1480 1488 1496 1497 1497 1510 1513 1523 1537 1549 1556 1565 1573 1575 1574 1572 1571 1572 1571 1565 1565 1566 1566 1565 1563 1559 1551 1542 1522 1503 1484 1461 1444
1281 1276 1272 1267 1266 1266 1266 1269 1273 1278 1283 1289 1297 1304 1304 1312 1324 1336 1345 1346 1344 1349 1364 1369 1372 1375 1378 1371 1359 1362 1364 1376 1380 1382 1372 1364 1364 1390 1409 1420 1446 1455 1458 1457 1452 1458 1460 1460 1462 1471 1463 1444 1446 1468 1492 1503 1507 1510 1523 1524 1532 1540 1548 1554 1563 1572 1574 1574 1570 1567 1566 1565 1560 1561 1563 1563 1563 1561 1559 1549 1549 1540 1527 1509 1490 1468
1278 1274 1270 1267 1266 1266 1266 1266 1268 1272 1277 1281 1287 1291 1298 1306 1320 1332 1347 1354 1356 1356 1364 1369 1374 1378 1383 1380 1373 1376 1378 1393 1394 1389 1380 1364 1371 1395 1414 1431 1435 1449 1459 1465 1467 1476 1475 1478 1476 1478 1469 1455 1448 1469 1490 1505 1514 1520 1523 1529 1534 1540 1546 1554 1562 1570 1573 1572 1568 1563 1560 1560 1555 1555 1556 1559 1559 1552 1555 1555 1550 1540 1534 1518 1496 1473
1278 1275 1271 1267 1266 1265 1266 1266 1267 1271 1275 1280 1285 1288 1295 1304 1317 1327 1345 1355 1358 1360 1362 1368 1374 1379 1390 1392 1390 1389 1391 1403 1403 1402 1395 1384 1376 1377 1400 1418 1437 1450 1460 1468 1473 1484 1491 1492 1485 1483 1474 1461 1452 1470 1487 1503 1514 1522 1527 1533 1534 1539 1547 1560 1566 1566 1573 1572 1571 1567 1563 1560 1555 1549 1551 1552 1553 1545 1547 1550 1551 1546 1536 1521 1503 1481
1275 1272 1268 1267 1265 1265 1265 1266 1267 1269 1274 1278 1283 1286 1295 1303 1314 1321 1338 1351 1356 1357 1363 1370 1376 1376 1383 1394 1397 1398 1400 1410 1409 1406 1397 1386 1383 1384 1405 1420 1433 1448 1459 1467 1475 1486 1499 1500 1491 1483 1478 1468 1461 1470 1482 1497 1512 1521 1521 1529 1536 1538 1542 1561 1569 1573 1575 1574 1572 1568 1565 1562 1555 1549 1548 1548 1547 1537 1540 1543 1545 1543 1534 1522 1508 1488
1273 1270 1267 1266 1264 1264 1264 1265 1266 1269 1273 1276 1280 1285 1294 1300 1309 1317 1317 1330 1339 1345 1354 1367 1376 1383 1390 1395 1400 1404 1408 1416 1414 1410 1403 1393 1390 1387 1401 1415 1421 1439 1454 1464 1473 1487 1499 1503 1497 1486 1486 1486 1484 1478 1479 1481 1492 1509 1520 1530 1538 1544 1548 1569 1575 1577 1577 1575 1572 1569 1566 1563 1556 1556 1551 1546 1540 1537 1535 1534 1537 1539 1527 1518 1518 1508
1271 1269 1266 1265 1262 1262 1263 1264 1266 1269 1269 1272 1274 1277 1283 1290 1296 1304 1310 1315 1322 1337 1357 1369 1378 1385 1392 1391 1401 1408 1414 1420 1419 1415 1409 1400 1401 1394 1400 1410 1422 1432 1446 1446 1463 1475 1489 1500 1505 1500 1496 1500 1500 1492 1485 1484 1492 1504 1518 1532 1540 1548 1557 1573 1579 1581 1580 1577 1576 1572 1568 1561 1558 1562 1556 1549 1542 1549 1543 1537 1527 1523 1516 1514 1508 1499
1270 1268 1265 1265 1261 1260 1261 1262 1263 1265 1268 1269 1272 1274 1280 1286 1292 1300 1302 1313 1327 1342 1356 1366 1374 1382 1385 1388 1400 1410 1417 1424 1425 1421 1414 1410 1425 1421 1412 1412 1421 1439 1442 1450 1461 1481 1492 1501 1510 1506 1508 1512 1509 1499 1487 1486 1498 1511 1521 1534 1542 1550 1561 1573 1582 1585 1584 1581 1581 1581 1575 1571 1565 1569 1566 1559 1553 1554 1549 1541 1530 1523 1518 1508 1500 1489
1270 1269 1267 1263 1257 1257 1259 1261 1261 1263 1265 1267 1269 1272 1277 1283 1288 1296 1302 1314 1327 1344 1353 1361 1368 1370 1376 1388 1401 1401 1412 1422 1428 1429 1429 1427 1437 1434 1427 1423 1433 1452 1451 1460 1472 1485 1495 1505 1514 1512 1514 1512 1507 1499 1489 1485 1500 1513 1523 1532 1540 1547 1547 1563 1576 1585 1588 1588 1590 1585 1580 1575 1570 1574 1571 1565 1559 1559 1553 1544 1535 1527 1529 1518 1507 1496
1269 1268 1266 1261 1256 1256 1258 1259 1261 1261 1263 1266 1269 1269 1269 1274 1282 1290 1302 1315 1327 1343 1338 1348 1354 1355 1362 1372 1384 1401 1412 1422 1430 1430 1433 1436 1442 1442 1435 1432 1446 1460 1462 1468 1479 1488 1496 1505 1515 1515 1513 1510 1506 1501 1489 1494 1487 1499 1511 1520 1530 1537 1548 1561 1572 1583 1589 1591 1595 1591 1585 1579 1575 1580 1577 1571 1565 1559 1556 1548 1542 1537 1537 1525 1511 1500
1268 1267 1264 1260 1256 1256 1257 1257 1259 1259 1261 1264 1268 1265 1265 1267 1274 1282 1296 1304 1315 1325 1329 1341 1340 1346 1361 1367 1379 1397 1412 1424 1425 1428 1433 1438 1443 1448 1449 1444 1454 1468 1472 1476 1484 1493 1496 1496 1502 1512 1513 1514 1511 1510 1506 1502 1491 1503 1512 1522 1535 1541 1550 1561 1565 1578 1588 1594 1600 1598 1591 1584 1583 1587 1582 1575 1569 1564 1560 1555 1551 1551 1551 1542 1528 1514
1265 1264 1262 1259 1256 1255 1256 1256 1256 1256 1257 1259 1262 1260 1263 1268 1275 1287 1292 1300 1309 1316 1329 1327 1327 1341 1357 1363 1378 1391 1408 1421 1418 1424 1430 1436 1442 1451 1456 1459 1459 1471 1476 1488 1488 1498 1499 1500 1503 1510 1514 1514 1514 1513 1511 1504 1498 1505 1515 1525 1537 1542 1547 1555 1559 1573 1585 1595 1601 1602 1598 1593 1591 1600 1594 1588 1580 1575 1573 1565 1559 1554 1547 1542 1531 1516
1263 1262 1262 1260 1257 1255 1254 1254 1255 1254 1255 1257 1258 1257 1261 1266 1273 1283 1284 1296 1301 1308 1319 1312 1316 1330 1348 1357 1368 1381 1396 1411 1409 1409 1415 1424 1427 1435 1449 1461 1467 1479 1490 1494 1497 1498 1506 1509 1509 1512 1514 1514 1512 1511 1512 1506 1500 1506 1516 1521 1532 1536 1543 1549 1564 1575 1575 1586 1597 1602 1605 1604 1603 1606 1601 1595 1587 1580 1577 1566 1557 1550 1537 1532 1525 1517
1262 1261 1260 1259 1256 1254 1253 1253 1253 1252 1253 1254 1256 1255 1258 1264 1269 1273 1279 1286 1292 1300 1308 1298 1309 1309 1323 1333 1348 1360 1374 1385 1387 1396 1405 1417 1416 1428 1445 1459 1470 1481 1490 1496 1501 1503 1510 1514 1515 1515 1512 1509 1506 1505 1508 1509 1512 1509 1512 1515 1522 1531 1540 1549 1569 1576 1582 1590 1598 1602 1607 1610 1610 1611 1608 1604 1596 1586 1580 1569 1558 1544 1531 1520 1512 1508
1262 1261 1259 1257 1255 1254 1252 1251 1251 1250 1251 1252 1254 1255 1256 1261 1265 1268 1266 1271 1271 1284 1291 1287 1296 1308 1320 1327 1342 1351 1361 1374 1380 1389 1399 1410 1416 1427 1442 1456 1470 1480 1490 1495 1500 1504 1508 1514 1522 1518 1509 1509 1501 1498 1500 1501 1510 1514 1514 1515 1534 1542 1552 1559 1569 1576 1584 1591 1596 1598 1608 1612 1613 1618 1615 1611 1602 1591 1582 1570 1559 1544 1531 1519 1506 1506
1264 1261 1259 1256 1255 1254 1251 1249 1249 1247 1249 1249 1250 1252 1253 1257 1259 1260 1262 1265 1266 1272 1280 1286 1296 1304 1315 1323 1333 1339 1349 1367 1376 1381 1384 1396 1409 1427 1440 1454 1468 1480 1489 1489 1489 1497 1500 1505 1513 1525 1514 1506 1496 1488 1493 1497 1508 1515 1521 1526 1538 1546 1553 1561 1563 1571 1578 1584 1589 1594 1604 1612 1615 1621 1619 1614 1607 1607 1596 1583 1571 1560 1548 1543 1528 1512
1266 1263 1259 1256 1256 1257 1256 1251 1247 1243 1245 1247 1249 1251 1252 1255 1256 1256 1258 1258 1262 1268 1275 1280 1290 1301 1311 1323 1319 1330 1347 1365 1364 1364 1376 1393 1411 1408 1422 1437 1453 1464 1475 1480 1480 1493 1492 1498 1510 1518 1506 1500 1489 1482 1488 1498 1506 1512 1522 1530 1536 1543 1550 1556 1554 1562 1566 1570 1582 1591 1591 1599 1609 1615 1619 1619 1615 1608 1597 1588 1579 1568 1555 1546 1532 1521
1270 1269 1266 1260 1257 1255 1254 1249 1244 1242 1244 1246 1247 1249 1249 1251 1253 1255 1256 1255 1258 1267 1271 1276 1285 1296 1303 1311 1316 1316 1331 1347 1346 1347 1356 1374 1392 1401 1418 1436 1451 1457 1468 1471 1475 1486 1484 1493 1503 1507 1506 1491 1479 1476 1489 1500 1504 1508 1516 1527 1530 1538 1544 1544 1538 1541 1550 1554 1562 1575 1588 1597 1607 1615 1618 1619 1615 1607 1603 1595 1583 1569 1557 1551 1540 1527
1271 1268 1265 1261 1258 1254 1251 1246 1243 1241 1242 1244 1245 1247 1247 1247 1249 1254 1253 1254 1257 1263 1263 1266 1269 1278 1287 1292 1305 1316 1328 1338 1326 1337 1356 1375 1388 1400 1420 1436 1446 1447 1454 1464 1470 1476 1478 1486 1492 1496 1496 1474 1469 1478 1493 1495 1499 1499 1502 1509 1509 1523 1531 1535 1522 1530 1538 1546 1559 1572 1584 1594 1606 1613 1619 1621 1619 1612 1610 1599 1585 1573 1561 1557 1545 1532
1271 1266 1262 1259 1257 1252 1249 1246 1243 1240 1240 1242 1244 1246 1245 1245 1244 1247 1251 1250 1253 1256 1261 1261 1266 1274 1280 1291 1300 1310 1320 1324 1321 1341 1359 1374 1387 1397 1413 1428 1439 1447 1448 1457 1461 1468 1470 1475 1475 1481 1483 1461 1455 1469 1485 1492 1489 1487 1493 1501 1503 1515 1521 1523 1522 1518 1527 1544 1559 1570 1582 1596 1606 1613 1622 1624 1624 1620 1616 1603 1590 1590 1580 1575 1560 1545
1271 1266 1259 1256 1254 1250 1247 1247 1245 1241 1238 1239 1240 1242 1242 1242 1243 1246 1248 1246 1250 1254 1257 1259 1265 1269 1274 1286 1289 1299 1302 1310 1325 1343 1356 1367 1381 1390 1403 1416 1427 1427 1429 1441 1444 1450 1456 1459 1467 1468 1465 1441 1457 1478 1491 1482 1473 1474 1483 1490 1496 1506 1509 1507 1506 1509 1530 1548 1560 1573 1586 1599 1608 1616 1619 1624 1625 1626 1626 1620 1607 1595 1585 1577 1560 1542
1276 1271 1265 1258 1254 1252 1248 1245 1243 1241 1237 1237 1239 1240 1239 1241 1243 1245 1245 1244 1248 1252 1255 1259 1257 1258 1262 1272 1271 1287 1297 1309 1325 1325 1340 1349 1359 1370 1380 1388 1400 1413 1421 1429 1432 1444 1442 1449 1458 1453 1443 1440 1463 1481 1488 1468 1462 1458 1467 1479 1484 1496 1498 1493 1496 1513 1532 1532 1549 1561 1574 1587 1600 1611 1622 1625 1625 1626 1625 1621 1610 1599 1588 1578 1561 1548
1275 1270 1263 1257 1254 1252 1249 1245 1242 1240 1236 1235 1237 1238 1238 1240 1242 1243 1243 1243 1246 1250 1256 1254 1247 1250 1250 1255 1263 1272 1288 1302 1314 1319 1329 1341 1355 1359 1368 1375 1387 1402 1407 1415 1424 1438 1429 1437 1446 1438 1427 1440 1464 1475 1475 1468 1446 1442 1453 1453 1462 1474 1482 1483 1483 1496 1512 1528 1547 1557 1572 1585 1599 1611 1622 1624 1624 1625 1625 1620 1611 1601 1590 1583 1571 1559
1273 1269 1263 1257 1255 1255 1251 1247 1243 1239 1235 1234 1235 1236 1236 1237 1239 1241 1241 1240 1242 1244 1248 1248 1245 1243 1247 1255 1260 1271 1286 1300 1310 1306 1318 1335 1346 1345 1360 1371 1382 1395 1393 1403 1418 1427 1416 1422 1427 1419 1418 1434 1434 1458 1465 1462 1438 1432 1431 1447 1457 1465 1465 1470 1481 1493 1507 1525 1542 1552 1568 1582 1596 1609 1616 1618 1619 1622 1623 1619 1611 1604 1594 1593 1581 1581
1273 1270 1267 1261 1258 1258 1253 1247 1243 1239 1235 1235 1232 1233 1233 1234 1235 1237 1238 1238 1240 1242 1245 1248 1243 1242 1244 1250 1256 1270 1281 1294 1302 1290 1310 1323 1335 1344 1356 1369 1377 1384 1373 1394 1410 1410 1415 1397 1403 1405 1400 1410 1430 1450 1453 1445 1424 1416 1422 1442 1437 1444 1455 1467 1480 1488 1501 1519 1537 1552 1564 1581 1594 1606 1610 1610 1613 1617 1617 1618 1618 1615 1610 1609 1600 1590
1272 1270 1268 1263 1263 1259 1258 1253 1246 1242 1240 1236 1232 1232 1231 1232 1233 1234 1236 1237 1239 1241 1244 1244 1241 1241 1242 1245 1252 1265 1275 1282 1286 1279 1300 1317 1332 1324 1337 1349 1360 1363 1351 1371 1389 1398 1398 1384 1389 1384 1389 1405 1423 1438 1436 1427 1403 1398 1410 1427 1421 1441 1455 1466 1475 1474 1491 1512 1532 1549 1563 1563 1581 1592 1593 1598 1599 1606 1613 1616 1620 1621 1616 1616 1608 1597
1273 1271 1269 1265 1261 1257 1255 1251 1245 1243 1242 1238 1235 1232 1231 1231 1231 1233 1235 1235 1237 1239 1241 1242 1237 1241 1243 1243 1247 1257 1257 1264 1266 1259 1277 1298 1313 1324 1329 1338 1343 1345 1348 1365 1376 1379 1379 1362 1365 1365 1387 1402 1415 1423 1420 1412 1381 1380 1395 1408 1427 1441 1451 1451 1457 1450 1468 1490 1510 1528 1546 1563 1576 1585 1582 1585 1590 1602 1612 1614 1620 1624 1621 1620 1612 1601
