smalldata/dem.asc
ncols         500
nrows         500
xllcorner     526651.492
yllcorner     3648615.34
cellsize      30
NODATA_value  -9999
[rows 266 to 303 of 500, columns 86 to 171 of 500]
997 998 999 1001 1005 1009 1010 1010 1014 1014 1014 1012 1005 999 993 991 988 980 974 976 971 978 982 982 963 954 949 950 955 960 961 966 971 980 999 1001 999 997 1001 1000 1007 1007 1014 1024 1030 1036 1046 1065 1078 1089 1096 1098 1083 1080 1083 1090 1096 1103 1112 1121 1130 1145 1149 1152 1154 1155 1161 1165 1166 1164 1168 1169 1171 1175 1175 1182 1185 1192 1197 1200 1206 1207 1212 1218 1234 1237
996 997 998 999 1001 1003 1000 1004 1008 1010 1013 1006 1002 999 994 991 990 983 974 967 961 965 969 971 963 942 943 956 963 975 971 973 981 981 1003 1010 1010 1009 1014 1009 1009 1013 1016 1030 1039 1047 1056 1065 1077 1085 1089 1089 1073 1073 1082 1091 1097 1113 1122 1129 1136 1149 1154 1156 1158 1159 1165 1165 1170 1172 1170 1174 1175 1177 1179 1187 1193 1198 1204 1205 1215 1218 1223 1229 1243 1246
996 997 999 1000 1001 1000 999 999 1001 1003 1007 998 997 995 993 990 990 986 977 965 960 953 956 958 952 937 937 947 965 979 984 986 987 993 1010 1017 1021 1019 1020 1015 1013 1017 1022 1031 1041 1051 1062 1069 1069 1074 1078 1077 1063 1069 1082 1095 1104 1118 1130 1130 1139 1153 1156 1158 1159 1160 1157 1162 1167 1171 1173 1177 1179 1182 1184 1194 1202 1209 1215 1216 1231 1231 1235 1240 1250 1249
997 998 1000 1001 1001 1000 1000 999 997 997 997 990 989 989 990 990 985 982 977 977 968 965 952 948 945 934 937 949 966 978 989 997 999 1002 1010 1016 1024 1024 1020 1016 1014 1017 1023 1025 1036 1049 1062 1066 1058 1063 1067 1066 1054 1053 1065 1078 1093 1103 1118 1133 1144 1159 1161 1160 1159 1157 1150 1155 1162 1169 1173 1178 1182 1187 1191 1200 1208 1216 1224 1229 1241 1244 1246 1249 1254 1254
997 999 1001 1001 1001 1001 1001 1000 997 992 991 985 982 980 982 986 977 976 973 972 961 960 954 945 937 931 937 949 964 977 993 1003 1003 1004 1003 1011 1020 1025 1023 1014 1012 1015 1020 1021 1032 1032 1047 1058 1049 1048 1052 1056 1042 1047 1057 1072 1089 1106 1122 1134 1147 1159 1161 1157 1152 1148 1146 1154 1161 1170 1174 1178 1183 1192 1197 1206 1212 1220 1220 1230 1243 1249 1253 1255 1255 1254
997 999 1001 1001 1001 1002 1002 1002 1001 998 990 984 977 974 975 977 966 965 964 962 953 953 951 945 936 928 939 951 964 976 989 996 997 997 997 1006 1014 1014 1021 1016 1012 1010 1012 1011 1020 1033 1045 1049 1038 1039 1043 1044 1034 1042 1055 1072 1090 1110 1125 1138 1152 1160 1154 1148 1144 1142 1145 1152 1160 1168 1168 1172 1178 1184 1196 1204 1211 1218 1225 1234 1248 1255 1259 1259 1258 1250
995 997 1000 1001 1002 1002 1002 1003 1002 999 991 985 981 977 973 969 962 956 954 953 942 942 943 942 936 928 941 954 966 976 973 981 986 987 982 990 999 1007 1012 1013 1012 1005 1007 1011 1023 1032 1038 1040 1028 1030 1031 1032 1034 1050 1061 1077 1095 1112 1127 1143 1155 1158 1143 1143 1139 1136 1135 1142 1149 1156 1165 1171 1176 1185 1195 1204 1213 1223 1230 1240 1251 1257 1262 1260 1256 1247
993 997 1001 1002 1003 1003 1003 1003 1002 999 991 991 988 984 978 968 966 957 949 945 938 936 936 935 935 925 928 942 954 964 966 973 978 979 974 981 990 999 1006 1009 1008 1000 1003 1012 1023 1028 1030 1030 1016 1017 1022 1027 1038 1061 1070 1082 1082 1098 1111 1130 1143 1147 1135 1132 1130 1130 1130 1137 1145 1153 1162 1165 1171 1179 1190 1202 1203 1219 1232 1243 1253 1258 1261 1259 1253 1245
992 997 1001 1002 1003 1003 1003 1003 1002 1000 995 992 991 988 982 982 978 971 963 953 943 942 936 930 928 923 928 940 950 959 959 963 969 971 968 976 982 989 998 1000 1000 997 1002 1012 1017 1020 1021 1019 1009 1009 1013 1023 1034 1055 1067 1076 1086 1097 1113 1131 1138 1137 1122 1121 1121 1125 1123 1130 1139 1148 1158 1164 1168 1173 1183 1192 1197 1213 1231 1245 1253 1258 1258 1257 1254 1243
991 998 1001 1002 1003 1003 1003 1001 1001 1000 998 992 991 991 990 984 979 973 965 957 948 949 940 930 925 922 927 935 942 950 946 950 956 962 962 970 976 984 992 990 993 993 995 1000 1002 1008 1011 1011 1005 1008 1015 1026 1039 1056 1069 1078 1086 1098 1115 1127 1128 1125 1111 1111 1115 1119 1123 1132 1140 1147 1157 1170 1174 1176 1176 1182 1201 1208 1215 1229 1244 1250 1251 1250 1246 1236
987 990 994 999 1000 1001 1002 999 997 994 992 992 989 989 988 984 979 975 967 962 955 953 944 933 925 921 925 928 934 940 937 938 944 953 951 962 968 974 980 984 986 988 991 996 997 1000 1002 1003 1004 1008 1016 1028 1041 1052 1063 1074 1083 1100 1114 1119 1115 1113 1100 1105 1111 1117 1122 1130 1139 1147 1153 1169 1178 1185 1190 1192 1213 1222 1227 1234 1246 1245 1243 1242 1240 1231
986 988 990 993 993 996 998 993 992 988 986 987 983 984 983 981 978 977 972 966 960 952 942 933 924 923 923 926 928 932 939 940 941 944 951 972 976 977 979 986 985 986 989 993 996 997 998 1000 1006 1009 1016 1027 1039 1046 1058 1071 1084 1100 1110 1108 1108 1102 1095 1099 1108 1116 1124 1136 1145 1152 1160 1175 1182 1192 1200 1206 1224 1231 1240 1245 1246 1245 1240 1236 1234 1226
985 986 989 989 986 987 991 985 984 983 981 982 976 977 976 975 971 974 972 972 966 958 950 938 929 919 927 936 938 938 952 955 958 958 963 976 983 986 986 992 990 989 989 993 997 998 1000 1002 1014 1011 1015 1025 1025 1034 1044 1055 1069 1084 1097 1101 1099 1095 1099 1107 1115 1123 1129 1141 1148 1155 1165 1175 1182 1193 1204 1217 1233 1241 1247 1248 1246 1243 1238 1232 1230 1219
985 985 989 988 984 982 984 974 975 976 975 975 966 966 968 968 957 963 966 966 964 956 948 937 924 919 925 941 949 952 962 967 970 971 971 982 987 992 993 1000 998 995 995 996 1004 1004 1005 1009 1013 1025 1020 1018 1025 1033 1043 1054 1067 1083 1091 1091 1092 1094 1106 1113 1122 1127 1133 1143 1149 1155 1165 1173 1181 1191 1203 1220 1235 1244 1244 1246 1246 1245 1242 1238 1232 1228
983 984 987 984 984 981 976 970 965 965 967 968 956 955 957 957 947 952 955 958 961 955 947 935 924 915 920 938 951 958 966 973 979 981 981 991 991 996 996 1002 1003 1002 1001 1001 1015 1017 1017 1020 1025 1035 1031 1025 1025 1033 1042 1054 1066 1081 1079 1084 1089 1096 1110 1116 1124 1129 1136 1142 1149 1154 1162 1162 1166 1178 1190 1202 1218 1231 1239 1243 1245 1244 1241 1238 1234 1231
985 981 980 978 979 979 975 967 962 958 958 958 944 945 946 945 947 941 944 947 952 948 942 930 919 910 917 935 948 958 958 967 975 985 990 1000 1000 998 1000 1004 1004 1004 1007 1011 1020 1025 1026 1029 1034 1048 1042 1037 1031 1035 1041 1051 1063 1074 1076 1084 1092 1100 1108 1115 1115 1122 1129 1130 1137 1146 1151 1157 1163 1179 1191 1203 1215 1225 1233 1238 1243 1240 1239 1237 1235 1230
985 978 976 975 975 975 972 962 956 952 949 946 932 932 932 932 935 930 934 936 941 938 935 935 923 910 904 918 936 948 957 965 974 985 993 999 1004 1004 1004 1004 1003 1003 1008 1014 1016 1023 1029 1036 1044 1044 1046 1048 1041 1045 1045 1049 1049 1058 1069 1078 1086 1093 1100 1102 1110 1117 1124 1126 1134 1142 1146 1153 1163 1179 1190 1203 1209 1219 1227 1234 1239 1235 1235 1235 1233 1230
985 979 975 975 972 968 964 957 951 946 943 939 924 920 919 919 919 915 920 923 925 921 926 924 913 901 905 920 936 948 953 961 969 979 990 999 1007 1009 1008 1006 1001 999 1004 1009 1010 1017 1025 1031 1037 1027 1032 1040 1050 1050 1050 1051 1056 1063 1069 1077 1086 1090 1095 1094 1102 1110 1117 1124 1130 1135 1145 1152 1162 1175 1187 1197 1203 1213 1221 1231 1234 1230 1230 1231 1230 1228
987 981 977 976 972 966 962 957 958 951 939 934 923 919 912 909 910 908 912 916 918 911 912 912 904 897 907 920 934 945 953 957 964 974 987 1001 1012 1014 1011 1007 1000 997 997 999 998 1004 1011 1018 1024 1015 1022 1030 1042 1050 1047 1051 1058 1063 1066 1074 1081 1085 1089 1087 1094 1103 1115 1119 1123 1132 1144 1153 1157 1167 1182 1182 1188 1197 1209 1218 1226 1223 1223 1224 1220 1217
987 987 982 977 977 975 970 964 959 951 939 928 917 914 907 902 902 900 903 907 909 899 900 899 893 898 913 921 932 939 950 958 967 978 978 994 1004 1016 1019 1014 1007 1000 994 995 994 999 1005 1010 1012 1007 1014 1023 1033 1043 1041 1047 1053 1059 1062 1068 1073 1078 1081 1082 1090 1101 1112 1114 1114 1118 1129 1142 1143 1152 1162 1177 1188 1191 1204 1215 1221 1220 1217 1216 1213 1208
992 986 981 975 975 974 969 965 957 950 938 927 913 907 902 896 894 892 895 898 898 899 888 888 892 904 920 920 929 937 944 956 964 973 983 997 1008 1016 1017 1015 1004 996 989 989 990 995 1000 1001 1003 999 1007 1017 1027 1035 1035 1041 1046 1052 1055 1061 1061 1066 1070 1071 1079 1089 1099 1099 1106 1113 1123 1133 1137 1151 1160 1172 1183 1188 1201 1212 1218 1219 1213 1210 1207 1201
992 985 979 974 972 969 967 963 955 947 936 924 913 905 898 890 889 888 889 890 890 889 884 886 890 897 914 924 931 939 947 961 968 978 988 997 1007 1012 1013 1011 999 993 987 986 990 989 993 993 994 993 1001 1011 1020 1020 1022 1029 1035 1043 1042 1046 1052 1057 1065 1067 1076 1084 1092 1099 1097 1107 1116 1125 1137 1146 1154 1166 1178 1189 1200 1210 1218 1213 1209 1203 1199 1194
994 987 980 975 970 964 962 960 952 944 934 923 921 912 906 900 894 891 888 886 885 883 885 891 898 905 918 929 936 944 952 963 970 979 987 994 1000 1004 1007 1003 996 991 986 983 984 982 982 985 985 982 989 995 1003 1013 1019 1027 1033 1039 1033 1037 1042 1049 1059 1060 1069 1077 1085 1091 1091 1100 1109 1123 1133 1138 1147 1162 1177 1185 1197 1197 1207 1208 1210 1206 1197 1192
992 985 980 974 969 969 964 961 956 952 942 933 921 916 910 905 898 894 890 886 880 880 889 896 902 909 919 930 939 949 955 960 967 976 984 994 992 998 998 1003 1001 997 991 985 979 975 977 979 979 977 984 991 999 1009 1019 1024 1028 1031 1033 1027 1032 1040 1051 1051 1059 1070 1079 1084 1086 1093 1105 1121 1113 1126 1129 1139 1155 1165 1181 1194 1202 1198 1202 1201 1193 1186
997 989 984 976 972 967 965 963 955 951 943 935 925 919 913 907 902 895 892 886 877 880 891 899 905 911 915 926 937 945 952 945 951 959 968 978 977 984 993 1001 1002 999 992 986 979 974 973 975 974 974 981 991 1002 1011 1016 1018 1019 1021 1023 1017 1024 1032 1042 1041 1041 1054 1065 1070 1071 1079 1089 1101 1105 1117 1125 1136 1153 1160 1175 1188 1194 1198 1194 1195 1189 1182
994 990 985 976 970 963 961 958 951 947 941 934 928 918 913 906 901 891 887 880 876 882 892 900 900 905 908 909 917 926 937 935 939 948 962 970 970 978 987 998 997 996 992 986 979 972 968 969 971 973 981 992 1001 1010 1013 1009 1009 1009 1012 1007 1010 1019 1025 1024 1036 1048 1057 1063 1064 1074 1085 1093 1098 1109 1123 1137 1148 1155 1168 1181 1187 1189 1187 1187 1182 1179
988 988 984 977 969 964 959 952 947 941 934 928 924 913 908 903 903 891 886 882 877 876 885 892 896 899 903 903 909 918 930 924 931 941 951 960 961 970 980 990 986 990 988 984 978 967 963 965 969 973 973 980 989 998 1004 1006 1002 1002 1005 1000 1005 1014 1018 1019 1028 1038 1046 1056 1057 1068 1077 1087 1098 1102 1118 1133 1143 1151 1162 1172 1177 1180 1178 1178 1177 1173
979 979 978 973 963 964 959 952 945 945 937 926 921 912 906 900 896 887 883 879 875 878 882 889 890 893 898 898 906 915 921 917 926 934 942 953 952 960 971 980 976 981 981 983 980 970 964 961 964 968 972 978 987 996 1001 999 995 996 998 997 1001 1009 1014 1022 1024 1028 1036 1046 1055 1063 1070 1078 1090 1100 1114 1129 1129 1140 1148 1157 1164 1168 1163 1167 1168 1167
969 970 970 968 954 952 954 954 948 943 936 926 918 912 904 899 891 887 880 876 873 877 877 881 885 888 892 894 900 906 910 911 918 925 935 935 936 944 952 961 970 969 973 976 977 965 961 961 963 967 971 978 986 994 993 990 990 991 994 1002 1007 1012 1018 1022 1036 1039 1041 1046 1058 1061 1067 1073 1079 1093 1106 1121 1132 1141 1147 1153 1157 1159 1156 1160 1162 1162
959 959 962 960 943 941 945 948 943 939 932 923 917 911 906 901 892 887 883 876 872 874 876 877 880 884 888 889 889 893 897 897 904 910 918 928 925 935 943 953 963 962 964 967 969 958 958 959 962 966 970 975 982 989 982 983 987 992 997 1008 1016 1016 1023 1026 1043 1048 1054 1058 1070 1074 1079 1083 1088 1103 1110 1123 1134 1140 1145 1147 1149 1151 1151 1153 1154 1151
949 949 955 952 934 933 937 941 943 933 925 918 914 908 907 903 896 890 885 876 876 871 873 879 879 878 880 885 886 888 890 897 897 903 910 918 916 923 934 945 956 950 953 956 959 953 955 958 961 965 966 971 976 980 973 977 983 989 995 1003 1012 1023 1031 1036 1052 1061 1067 1070 1082 1085 1090 1095 1100 1117 1119 1127 1135 1140 1142 1144 1144 1147 1147 1147 1144 1141
936 943 946 942 924 926 929 933 937 921 916 912 909 901 904 906 905 902 898 887 877 870 871 876 880 885 886 891 889 889 889 892 895 897 902 907 909 913 921 934 944 939 941 947 951 952 952 955 959 961 962 963 966 970 973 979 984 989 996 1002 1012 1021 1033 1044 1060 1070 1076 1080 1092 1097 1102 1109 1115 1132 1133 1133 1137 1140 1141 1142 1142 1143 1141 1142 1140 1137
930 936 937 932 913 917 917 918 921 911 910 908 904 894 899 903 906 905 902 894 884 875 869 874 883 891 893 901 901 900 897 894 905 904 903 904 908 910 914 914 921 930 932 937 943 953 957 959 960 961 963 963 967 971 974 984 988 992 997 1004 1010 1018 1033 1048 1064 1073 1081 1087 1100 1108 1116 1124 1124 1135 1142 1145 1138 1137 1137 1139 1140 1140 1136 1135 1131 1127
915 923 927 924 907 904 905 906 908 901 901 898 893 885 892 900 905 906 902 892 884 877 869 876 886 896 900 909 910 909 906 904 912 912 913 914 922 918 915 922 927 946 947 948 950 953 963 964 964 964 966 967 974 977 980 990 993 998 1000 1010 1011 1017 1033 1050 1061 1061 1072 1081 1091 1104 1118 1125 1131 1137 1142 1142 1137 1135 1138 1139 1139 1138 1131 1127 1120 1116
906 912 913 910 897 893 894 894 898 889 889 886 882 878 886 894 902 903 891 886 879 871 867 879 879 891 902 914 916 918 917 913 922 923 925 926 937 933 927 929 940 958 959 957 959 961 968 969 968 967 971 973 978 983 986 998 1000 1003 1003 1015 1020 1020 1023 1032 1047 1057 1064 1075 1089 1099 1112 1123 1131 1134 1134 1134 1133 1134 1141 1140 1138 1136 1124 1117 1111 1109
897 901 901 899 889 886 885 884 886 880 880 877 874 878 881 888 894 894 879 874 874 868 864 877 887 898 907 921 925 927 927 922 934 935 938 939 937 946 939 936 946 964 968 966 968 969 975 974 971 971 975 975 975 981 987 1000 1004 1006 1009 1024 1033 1034 1033 1039 1060 1066 1068 1074 1084 1096 1107 1122 1129 1130 1132 1132 1133 1136 1146 1141 1137 1133 1117 1109 1109 1106
884 889 891 890 882 882 878 876 877 870 870 869 869 871 869 876 882 884 865 861 862 862 867 891 899 906 913 930 935 939 939 936 949 949 952 953 951 962 954 948 951 966 976 976 974 974 982 980 976 974 979 978 977 985 992 1007 1012 1014 1016 1024 1044 1046 1045 1052 1075 1080 1083 1085 1087 1106 1108 1119 1126 1128 1131 1133 1133 1136 1148 1146 1139 1131 1125 1108 1103 1105
871 875 875 878 881 876 877 874 870 862 863 862 863 865 864 870 873 871 858 861 865 870 880 905 911 917 922 940 946 949 950 950 962 962 965 967 967 980 976 971 964 972 969 977 980 981 988 985 981 979 984 983 985 991 999 1015 1022 1026 1026 1032 1054 1059 1056 1065 1089 1095 1096 1097 1102 1118 1119 1118 1119 1124 1128 1132 1136 1142 1144 1146 1136 1126 1116 1099 1098 1105
