smalldata/dem.asc
ncols         500
nrows         500
xllcorner     526651.492
yllcorner     3648615.34
cellsize      30
NODATA_value  -9999
[rows 456 to 493 of 500, columns 0 to 85 of 500]
709 733 754 772 774 765 770 752 748 749 738 750 746 739 731 722 724 718 737 758 778 791 797 804 813 817 825 836 845 847 855 855 862 867 867 868 869 867 858 859 854 848 845 850 844 836 836 845 859 864 867 868 882 871 855 842 831 833 823 812 801 791 790 790 789 789 790 780 782 782 774 780 776 767 751 745 743 740 738 747 763 776 783 789 793 795
714 732 752 769 780 780 770 770 772 774 766 773 766 757 746 734 739 729 735 755 772 791 802 805 805 810 816 823 832 841 844 852 859 864 862 866 868 869 864 867 865 859 855 859 852 845 842 848 861 871 878 883 892 880 863 853 842 853 844 836 825 810 811 806 804 799 798 795 796 794 786 792 784 772 754 765 760 752 742 747 761 770 779 784 790 791
723 735 758 766 780 786 780 786 790 786 781 787 779 770 758 748 757 757 747 740 750 759 782 802 807 809 815 820 825 834 841 848 854 858 858 863 867 869 869 870 869 867 862 867 864 857 851 851 865 877 877 884 889 895 890 878 864 866 857 848 836 818 829 820 815 809 812 809 809 804 797 797 788 776 766 765 772 762 750 751 757 770 774 774 779 778
737 753 773 775 785 792 788 806 806 806 797 807 802 791 782 776 783 775 767 757 771 762 772 793 806 808 811 815 818 829 835 842 848 852 855 862 867 869 870 870 870 870 868 871 871 871 868 862 871 875 883 889 893 899 897 889 876 879 870 861 847 837 842 835 829 822 826 823 820 814 804 798 789 781 780 781 788 779 770 760 770 767 766 769 774 779
752 766 785 793 792 797 804 830 831 823 812 825 820 809 798 792 807 796 791 783 771 780 778 788 802 805 810 815 817 825 830 837 843 849 853 853 859 865 868 868 869 870 870 871 874 876 877 873 882 884 889 893 896 902 902 899 891 897 886 873 860 851 859 853 844 833 826 836 829 829 821 814 801 791 788 790 795 785 777 769 779 775 771 776 778 786
769 773 805 810 808 813 824 850 850 837 826 843 840 832 821 817 836 824 817 808 796 794 796 796 800 823 822 827 827 828 829 830 835 840 842 849 855 861 866 864 867 868 870 872 874 877 880 882 888 890 892 895 899 903 905 906 904 905 896 883 873 873 881 874 867 855 844 854 846 837 826 820 806 800 800 799 798 790 781 777 784 781 777 782 786 792
792 797 829 829 825 837 846 867 863 850 841 843 858 853 848 847 859 850 838 825 812 825 808 814 819 837 837 836 836 833 833 833 835 838 842 844 850 856 861 858 861 864 868 871 873 877 880 884 889 891 893 895 899 902 902 907 909 911 908 901 894 889 895 888 880 867 860 862 853 842 830 824 814 811 810 805 803 794 786 784 790 785 782 784 790 800
813 820 852 852 848 860 865 880 871 863 860 858 874 874 870 870 886 882 872 859 843 836 823 830 836 854 851 848 843 837 838 837 837 838 840 840 845 851 855 851 854 860 865 869 871 876 880 880 883 887 889 891 894 896 902 909 913 911 910 906 901 898 904 900 892 882 871 869 857 845 833 829 821 820 817 811 809 800 793 791 791 794 790 789 791 801
831 842 852 875 873 880 880 896 891 884 882 878 896 895 891 887 901 899 888 872 853 847 842 848 853 865 861 857 850 841 844 841 839 839 839 840 841 844 848 843 846 849 855 860 861 868 874 879 881 883 885 887 890 894 900 908 915 913 913 910 908 905 910 907 900 892 881 876 862 850 838 830 827 827 827 823 819 811 803 799 797 799 796 796 798 805
850 855 864 877 883 892 897 905 903 904 904 900 914 914 908 903 915 912 899 880 859 860 863 866 867 865 868 859 854 849 850 846 846 843 840 841 843 842 841 848 848 848 850 853 856 864 870 877 881 880 882 885 889 891 897 902 909 912 916 916 914 913 919 914 908 908 899 898 885 869 856 842 836 834 833 827 820 812 806 805 803 804 803 805 805 812
864 869 871 862 876 894 904 905 909 914 919 919 944 938 927 918 936 926 912 892 868 877 879 882 882 879 885 875 866 861 861 854 849 846 843 847 849 849 848 855 854 852 852 852 859 863 867 875 878 877 878 882 887 889 893 900 906 913 913 919 923 922 929 927 920 914 906 900 889 874 859 845 843 842 837 828 819 814 813 811 808 812 812 812 812 817
849 851 854 852 864 884 897 892 903 914 937 950 962 969 963 950 936 960 944 926 906 904 898 896 894 890 894 884 874 868 865 856 851 849 847 852 856 857 855 855 862 859 858 857 866 867 869 873 876 876 877 877 879 888 890 892 899 906 914 920 926 928 919 921 920 917 909 901 890 876 860 849 851 846 838 827 824 823 821 817 813 821 822 820 820 827
836 838 843 844 854 867 879 873 886 901 901 915 925 959 982 982 974 977 964 945 919 931 919 913 908 902 905 895 883 873 869 860 855 853 851 855 863 867 867 864 871 868 865 865 872 873 874 874 876 880 879 880 881 891 892 893 899 905 909 914 919 921 919 913 915 913 908 899 890 875 863 856 854 845 836 828 830 830 831 829 824 829 828 829 829 827
821 823 823 815 828 839 847 858 852 870 884 903 916 940 971 982 982 979 975 970 951 960 943 931 920 914 918 909 896 879 875 866 861 857 853 859 859 867 874 878 889 883 877 873 882 882 881 880 881 887 885 884 887 890 892 895 899 904 901 903 904 906 909 907 910 910 904 900 890 890 879 868 861 852 846 839 839 837 834 832 831 826 825 829 831 833
790 798 802 798 811 823 834 843 837 858 880 895 904 923 948 962 965 955 962 972 969 972 959 949 937 927 930 918 918 906 888 884 875 869 863 866 863 867 877 886 896 894 886 882 900 898 894 892 890 897 893 889 888 890 890 892 895 898 893 893 894 897 897 890 899 906 907 904 901 891 881 871 862 854 849 841 839 840 834 831 829 818 818 821 825 829
775 778 786 784 794 802 812 826 832 850 868 887 890 908 926 933 939 919 935 978 976 960 961 963 962 954 951 941 928 915 898 895 887 884 876 873 866 864 876 889 898 902 899 899 914 913 910 906 902 908 900 893 889 888 887 887 888 891 887 883 883 886 887 881 891 901 902 892 897 891 880 871 866 859 853 846 843 833 829 827 823 813 812 814 816 821
761 763 773 766 773 783 799 815 823 839 855 874 875 890 890 901 907 873 881 896 941 960 939 954 959 955 933 936 932 924 907 897 895 892 885 880 874 872 873 883 893 903 907 914 914 918 916 916 914 916 911 904 895 889 885 883 884 887 882 877 875 875 876 873 880 887 890 892 889 887 879 873 869 860 853 845 840 825 823 821 817 810 807 808 809 807
739 747 758 740 750 772 772 792 794 803 823 840 837 859 870 875 877 834 842 871 916 938 916 925 930 934 905 913 914 908 901 879 888 895 890 886 886 885 883 883 892 890 897 905 913 913 916 917 917 910 907 901 892 887 881 878 879 882 880 879 871 864 865 864 871 875 878 884 879 879 878 876 867 867 859 850 841 833 822 816 814 804 804 804 805 800
711 719 727 709 725 745 766 783 766 780 801 817 837 834 851 853 845 800 822 852 890 912 888 898 901 907 881 889 889 880 875 852 852 861 874 883 887 897 898 894 906 901 898 900 905 907 909 911 911 897 897 892 886 883 875 873 874 879 877 879 875 867 863 857 861 864 864 867 865 869 869 866 857 858 853 849 842 834 824 814 804 803 802 805 799 789
692 699 702 689 713 740 759 766 740 750 769 783 803 796 813 809 803 779 808 839 865 881 850 863 871 871 852 860 864 858 851 826 831 840 854 870 878 903 911 910 918 912 907 903 902 906 902 901 899 889 887 883 879 877 866 865 867 871 871 865 871 871 868 864 855 852 854 858 857 860 861 861 853 848 846 844 841 833 827 818 808 803 799 805 804 793
671 675 679 689 689 715 731 743 720 721 731 738 769 762 774 775 770 768 768 794 818 842 805 805 828 839 815 838 836 829 825 805 809 824 840 856 868 899 915 919 926 921 915 910 907 910 904 900 893 892 887 887 880 876 876 869 864 862 863 854 857 863 866 857 854 849 847 851 847 853 856 857 847 842 836 835 835 831 827 818 807 801 794 802 802 807
649 647 653 664 674 693 704 720 699 688 688 699 716 705 725 738 738 721 748 767 784 803 751 750 766 782 815 804 806 803 804 784 793 815 831 846 865 882 906 922 931 928 924 918 918 917 914 908 904 899 897 890 884 879 886 884 877 868 862 859 852 849 853 847 845 843 843 842 837 846 848 847 847 827 819 822 827 816 823 824 817 805 797 790 794 802
628 627 631 631 637 653 668 686 671 674 665 682 696 673 686 696 704 708 724 730 739 759 715 717 722 737 770 765 772 766 773 766 785 806 826 845 842 862 877 902 920 929 927 925 921 917 914 910 906 903 898 891 886 884 892 893 889 880 871 871 864 857 853 848 840 835 832 832 828 837 837 831 828 807 806 801 806 798 807 816 816 805 797 785 785 792
615 608 611 616 619 632 644 662 636 638 643 660 670 649 663 670 684 708 702 702 716 725 690 693 693 713 735 732 739 739 739 738 756 777 801 821 834 855 874 897 920 923 926 923 921 916 913 909 904 904 895 890 888 888 892 893 892 888 879 875 870 863 863 862 856 850 844 835 833 823 818 809 805 790 787 785 790 778 789 800 807 806 794 783 776 782
592 584 587 597 597 606 621 631 602 604 616 633 641 623 633 656 673 692 673 682 698 698 672 663 663 673 697 691 702 705 718 726 744 769 789 810 822 843 865 887 909 908 918 920 919 916 913 907 902 901 892 889 889 890 894 894 893 892 889 881 876 871 866 862 858 855 849 841 841 834 821 810 800 792 779 768 769 763 774 787 798 802 789 781 770 769
574 564 562 575 568 586 598 599 602 581 601 609 614 606 606 626 648 660 645 654 669 677 652 646 645 659 675 665 678 686 705 707 730 754 778 796 808 830 848 868 891 886 904 911 915 911 911 907 907 904 903 896 892 891 895 895 894 892 888 883 879 874 869 864 854 851 849 845 841 840 833 826 809 800 787 774 766 760 758 769 784 784 775 779 777 766
550 538 537 552 543 565 573 573 571 542 563 576 585 570 596 619 633 643 622 636 652 656 633 625 626 644 653 649 656 670 689 707 718 739 759 781 782 802 821 841 841 838 854 872 888 880 896 905 906 905 902 899 896 895 895 897 894 890 888 886 880 873 866 862 856 852 846 841 835 832 832 830 818 811 811 800 784 771 765 751 752 766 759 765 766 760
535 528 514 518 514 535 548 553 547 529 547 558 567 551 580 603 613 618 607 621 634 635 612 607 613 624 635 624 634 655 671 688 696 696 716 737 735 749 776 799 821 820 837 850 864 864 877 889 898 902 896 898 899 899 898 899 897 894 890 888 882 877 872 866 867 856 856 848 843 833 826 829 832 826 821 814 795 777 770 758 745 747 747 754 754 752
514 509 502 502 509 525 534 536 528 518 537 546 550 537 563 582 590 594 594 606 613 615 612 591 599 605 605 597 606 622 641 655 660 672 695 717 715 729 756 783 806 803 816 830 847 864 864 876 886 892 888 897 903 902 901 902 901 899 895 901 895 893 888 881 881 872 861 852 841 832 819 817 830 813 812 812 804 785 769 761 750 739 736 744 747 744
500 495 484 491 501 513 519 517 509 510 524 533 532 528 546 559 564 575 556 576 587 592 594 573 574 581 590 583 595 609 626 643 643 661 681 702 695 722 742 766 788 784 797 814 835 851 849 860 869 879 880 890 890 897 902 902 905 906 905 910 906 901 896 889 887 875 864 853 841 829 817 804 815 791 792 790 786 780 756 755 750 735 730 735 738 738
483 475 470 485 491 498 501 497 494 499 510 510 515 515 520 533 539 543 543 553 562 569 573 553 559 565 576 571 587 599 613 628 633 651 670 685 679 705 725 744 765 769 784 797 797 819 815 826 841 855 853 866 877 887 896 891 904 911 912 917 915 913 905 896 892 876 864 852 840 828 815 801 792 771 766 764 760 757 730 729 727 721 736 737 735 741
466 458 462 478 468 477 486 487 480 474 492 497 498 502 505 514 519 530 530 538 544 549 553 533 542 551 560 563 575 589 602 617 626 643 656 668 679 670 691 710 726 737 755 772 787 802 800 812 826 840 837 848 859 870 882 880 899 918 921 917 916 913 909 903 886 873 860 849 838 824 824 811 798 779 758 747 744 738 707 698 707 725 736 753 747 750
453 454 445 454 455 461 469 470 463 463 479 485 482 491 488 493 506 520 513 519 524 530 533 520 527 536 545 550 566 577 577 590 604 618 629 638 653 660 677 702 720 730 743 758 774 788 790 800 812 826 821 831 842 854 866 876 904 931 924 918 904 901 896 896 869 868 861 851 842 826 814 803 792 773 755 733 721 717 692 691 714 738 754 755 750 755
439 439 432 445 455 446 453 452 449 453 464 468 464 479 469 483 496 506 495 502 507 511 511 495 507 514 525 536 542 555 568 585 594 605 612 622 642 653 670 692 712 718 733 745 758 774 769 784 800 812 821 812 821 834 854 871 871 899 909 909 877 878 876 872 847 846 844 837 831 815 808 792 783 756 743 723 703 698 682 691 716 741 756 744 744 753
427 428 424 436 441 432 436 436 439 442 447 446 446 460 455 455 471 482 469 475 483 488 489 487 495 505 520 530 532 548 566 582 583 590 598 616 634 647 663 679 700 704 720 732 742 754 746 764 764 780 798 789 795 804 816 825 850 862 871 875 845 851 851 849 820 819 817 815 817 801 792 782 768 756 727 712 697 685 673 689 709 732 732 727 730 739
417 416 418 427 425 413 418 422 422 419 423 425 426 432 427 439 449 460 469 448 459 470 471 474 489 501 515 523 530 545 559 573 565 574 592 612 629 640 654 669 686 673 691 706 716 725 715 731 745 760 779 764 773 789 804 800 813 825 833 839 815 821 826 824 796 792 794 798 801 780 776 767 756 742 731 717 703 690 672 666 681 699 716 713 724 738
396 404 405 410 413 389 392 398 407 401 405 409 414 419 415 423 429 437 445 435 441 452 461 471 488 497 506 515 522 536 548 558 550 565 565 583 604 613 625 640 658 673 677 690 700 707 700 715 725 737 751 735 748 763 784 767 781 792 804 811 793 800 807 805 796 768 770 770 778 759 760 756 752 746 725 717 702 685 669 662 670 686 702 705 716 733
381 386 390 396 395 389 394 396 399 406 407 408 410 412 422 421 422 424 430 434 435 442 457 461 479 491 491 498 499 510 522 531 529 546 558 574 593 600 612 624 646 663 662 674 682 687 684 696 705 713 726 713 722 733 750 726 738 753 769 782 738 757 774 787 790 761 745 748 755 732 732 730 731 730 714 713 703 684 667 658 660 678 693 699 710 722
