smalldata/dem.asc
ncols         500
nrows         500
xllcorner     526651.492
yllcorner     3648615.34
cellsize      30
NODATA_value  -9999
[rows 114 to 151 of 500, columns 258 to 343 of 500]
1205 1209 1213 1217 1219 1217 1215 1213 1212 1210 1207 1205 1203 1201 1199 1201 1201 1201 1201 1203 1203 1204 1204 1205 1208 1208 1208 1210 1211 1214 1212 1209 1207 1207 1207 1207 1207 1208 1209 1212 1215 1219 1220 1220 1219 1219 1220 1218 1219 1222 1226 1226 1228 1230 1236 1248 1262 1266 1271 1277 1287 1288 1289 1288 1290 1286 1288 1283 1277 1281 1289 1297 1306 1312 1316 1323 1325 1324 1323 1310 1309 1306 1300 1293 1296 1291
1206 1209 1212 1216 1217 1216 1213 1211 1210 1209 1207 1206 1204 1203 1202 1203 1203 1203 1203 1206 1206 1205 1206 1206 1208 1210 1212 1214 1216 1218 1214 1211 1208 1207 1207 1207 1207 1207 1208 1210 1214 1218 1218 1218 1218 1218 1217 1216 1217 1217 1219 1223 1231 1237 1246 1256 1266 1269 1272 1277 1282 1280 1280 1277 1279 1276 1276 1271 1271 1281 1292 1300 1308 1315 1319 1317 1319 1319 1313 1303 1301 1305 1307 1304 1297 1292
1206 1207 1210 1210 1213 1214 1211 1211 1211 1209 1207 1205 1204 1203 1202 1205 1205 1206 1206 1206 1207 1207 1206 1206 1209 1212 1216 1219 1220 1220 1216 1212 1208 1207 1208 1208 1208 1208 1208 1207 1209 1212 1216 1216 1217 1217 1216 1216 1216 1217 1219 1224 1231 1239 1247 1256 1263 1269 1271 1273 1276 1274 1274 1269 1272 1276 1265 1265 1272 1283 1285 1295 1301 1306 1311 1307 1312 1313 1305 1294 1294 1299 1306 1304 1295 1291
1202 1204 1205 1206 1208 1210 1209 1209 1209 1208 1207 1206 1206 1205 1205 1207 1207 1207 1207 1207 1208 1208 1208 1207 1211 1214 1218 1220 1220 1219 1219 1216 1211 1209 1209 1209 1209 1209 1210 1209 1209 1212 1215 1215 1216 1216 1216 1215 1216 1216 1218 1221 1227 1236 1245 1253 1257 1265 1267 1268 1271 1268 1268 1269 1266 1265 1257 1257 1264 1274 1284 1294 1298 1301 1304 1305 1309 1308 1301 1290 1289 1293 1301 1301 1293 1288
1202 1204 1205 1205 1206 1207 1208 1208 1208 1207 1207 1207 1207 1207 1207 1208 1207 1207 1208 1208 1210 1210 1210 1210 1213 1214 1215 1218 1219 1219 1219 1215 1211 1209 1211 1211 1211 1210 1212 1211 1211 1213 1214 1215 1216 1216 1216 1215 1215 1216 1216 1219 1223 1234 1241 1241 1249 1252 1256 1257 1261 1260 1261 1262 1260 1256 1248 1253 1263 1273 1278 1285 1291 1294 1298 1305 1306 1305 1297 1287 1284 1290 1295 1296 1289 1283
1202 1204 1205 1205 1206 1206 1208 1208 1208 1207 1207 1208 1208 1208 1208 1209 1209 1207 1207 1209 1211 1211 1212 1212 1215 1216 1216 1218 1219 1218 1217 1215 1213 1212 1213 1213 1213 1212 1214 1213 1213 1214 1215 1216 1216 1216 1216 1216 1216 1216 1216 1216 1216 1219 1230 1238 1245 1244 1246 1247 1255 1250 1250 1252 1251 1247 1245 1253 1260 1269 1269 1277 1284 1293 1301 1305 1302 1297 1291 1287 1279 1279 1286 1291 1286 1284
1203 1204 1206 1207 1207 1207 1209 1209 1208 1208 1207 1208 1209 1209 1209 1211 1211 1209 1209 1210 1213 1214 1214 1215 1217 1217 1217 1217 1218 1217 1216 1215 1214 1214 1215 1215 1215 1215 1217 1215 1215 1215 1215 1216 1217 1218 1217 1218 1217 1216 1216 1216 1216 1216 1224 1233 1239 1234 1235 1240 1247 1239 1239 1239 1240 1241 1247 1252 1256 1264 1269 1278 1287 1296 1296 1299 1301 1298 1292 1287 1281 1279 1281 1285 1282 1280
1203 1204 1206 1207 1208 1209 1211 1210 1209 1209 1208 1209 1210 1211 1211 1214 1214 1212 1212 1213 1215 1216 1216 1217 1217 1219 1218 1218 1217 1217 1216 1216 1215 1215 1216 1217 1217 1218 1220 1218 1216 1216 1216 1217 1218 1219 1219 1218 1223 1220 1218 1216 1217 1217 1219 1226 1231 1228 1228 1234 1238 1232 1233 1232 1234 1244 1245 1248 1252 1257 1263 1269 1276 1285 1294 1292 1295 1296 1295 1291 1281 1277 1278 1281 1278 1278
1203 1204 1206 1208 1209 1210 1213 1213 1212 1210 1209 1210 1211 1213 1214 1218 1217 1214 1214 1215 1219 1218 1218 1219 1219 1220 1220 1219 1218 1217 1217 1217 1216 1216 1217 1218 1219 1219 1220 1219 1217 1216 1216 1217 1219 1221 1222 1223 1232 1228 1223 1219 1218 1219 1221 1224 1226 1227 1228 1228 1229 1229 1229 1229 1231 1237 1243 1248 1254 1259 1263 1265 1270 1278 1286 1284 1289 1292 1294 1292 1278 1274 1275 1277 1273 1275
1204 1205 1207 1209 1210 1212 1217 1217 1215 1213 1211 1214 1215 1216 1217 1218 1221 1219 1219 1217 1225 1227 1227 1225 1223 1226 1222 1220 1218 1218 1217 1217 1217 1217 1218 1219 1220 1220 1220 1219 1218 1217 1217 1218 1219 1223 1227 1231 1237 1235 1230 1224 1229 1222 1220 1222 1224 1226 1227 1228 1228 1229 1228 1228 1229 1235 1240 1247 1252 1257 1261 1260 1265 1269 1277 1275 1280 1286 1288 1286 1272 1270 1270 1271 1271 1271
1205 1206 1208 1210 1212 1215 1219 1219 1217 1215 1214 1217 1218 1218 1219 1220 1226 1226 1226 1224 1233 1236 1234 1232 1229 1229 1225 1221 1219 1219 1218 1217 1217 1217 1218 1219 1219 1219 1219 1218 1217 1217 1217 1217 1217 1219 1224 1230 1234 1239 1244 1239 1235 1228 1225 1225 1226 1228 1229 1229 1229 1228 1230 1228 1228 1230 1235 1245 1249 1254 1256 1257 1261 1264 1269 1266 1272 1272 1278 1281 1273 1268 1268 1268 1269 1273
1206 1206 1209 1211 1211 1213 1216 1218 1219 1217 1217 1219 1220 1221 1223 1224 1232 1234 1234 1233 1243 1244 1241 1238 1233 1232 1227 1223 1220 1220 1218 1218 1217 1217 1218 1218 1219 1219 1219 1219 1218 1217 1217 1217 1217 1219 1224 1229 1232 1237 1244 1243 1238 1234 1230 1228 1228 1233 1233 1235 1234 1233 1240 1232 1227 1228 1231 1241 1246 1250 1250 1248 1253 1256 1259 1255 1258 1264 1269 1273 1269 1269 1272 1272 1272 1276
1208 1208 1211 1211 1212 1214 1216 1216 1217 1217 1218 1220 1222 1225 1227 1230 1239 1243 1244 1243 1253 1251 1247 1243 1237 1233 1228 1224 1221 1220 1220 1219 1218 1217 1217 1217 1218 1219 1219 1220 1219 1217 1217 1216 1217 1219 1222 1227 1227 1233 1240 1242 1238 1241 1235 1232 1235 1242 1240 1243 1246 1245 1252 1252 1242 1231 1227 1229 1236 1242 1245 1242 1244 1246 1250 1255 1255 1261 1268 1270 1267 1272 1278 1279 1276 1279
1211 1211 1214 1213 1213 1214 1215 1216 1217 1218 1219 1221 1224 1228 1232 1235 1245 1250 1254 1254 1260 1257 1257 1253 1247 1239 1233 1228 1224 1222 1219 1218 1217 1217 1216 1217 1217 1219 1219 1219 1219 1217 1216 1215 1216 1218 1219 1223 1224 1231 1236 1240 1241 1247 1245 1241 1241 1252 1253 1250 1251 1256 1265 1261 1250 1235 1231 1228 1230 1236 1240 1236 1237 1239 1244 1250 1264 1262 1262 1265 1268 1277 1284 1284 1281 1285
1216 1216 1217 1215 1214 1215 1215 1216 1217 1219 1220 1224 1227 1231 1235 1235 1243 1250 1257 1261 1262 1264 1258 1253 1246 1236 1231 1227 1223 1220 1218 1218 1217 1216 1216 1216 1217 1218 1219 1219 1219 1217 1215 1215 1215 1216 1217 1219 1217 1221 1228 1232 1237 1243 1251 1253 1251 1261 1263 1259 1258 1264 1272 1268 1257 1242 1231 1229 1229 1232 1234 1231 1240 1251 1253 1257 1271 1270 1266 1266 1273 1273 1281 1289 1291 1297
1219 1219 1218 1216 1215 1215 1216 1217 1217 1218 1220 1224 1226 1229 1232 1237 1245 1254 1262 1267 1268 1261 1256 1249 1243 1233 1228 1224 1221 1219 1217 1217 1216 1216 1215 1215 1216 1217 1218 1217 1217 1217 1215 1214 1212 1213 1214 1216 1216 1218 1221 1229 1235 1242 1254 1259 1260 1269 1272 1270 1267 1271 1277 1272 1262 1253 1239 1234 1229 1229 1229 1241 1255 1263 1263 1265 1271 1275 1278 1275 1284 1283 1283 1295 1298 1306
1219 1219 1218 1217 1216 1215 1216 1217 1219 1220 1221 1224 1228 1230 1234 1238 1246 1256 1264 1267 1266 1255 1249 1243 1239 1230 1226 1222 1219 1218 1216 1215 1215 1215 1213 1213 1214 1215 1215 1214 1214 1214 1212 1212 1209 1210 1212 1214 1215 1218 1222 1227 1234 1240 1251 1260 1266 1271 1275 1276 1276 1277 1283 1277 1271 1263 1248 1256 1249 1237 1235 1255 1264 1271 1274 1274 1282 1282 1288 1289 1298 1296 1295 1304 1307 1315
1216 1217 1215 1215 1216 1216 1216 1218 1220 1222 1223 1225 1229 1232 1236 1240 1247 1254 1258 1258 1257 1245 1242 1237 1234 1227 1227 1223 1220 1218 1215 1214 1214 1214 1213 1212 1213 1213 1214 1212 1212 1211 1210 1209 1207 1209 1211 1213 1215 1218 1221 1226 1232 1237 1247 1257 1266 1271 1276 1276 1281 1282 1290 1289 1283 1277 1269 1266 1259 1249 1247 1264 1273 1280 1285 1285 1295 1290 1296 1302 1298 1308 1309 1315 1318 1323
1211 1214 1213 1215 1215 1216 1217 1219 1221 1223 1225 1227 1231 1234 1238 1242 1247 1248 1248 1248 1249 1239 1238 1235 1232 1227 1224 1221 1218 1217 1213 1212 1212 1212 1212 1211 1211 1212 1212 1210 1210 1209 1208 1207 1207 1208 1210 1212 1214 1217 1221 1225 1225 1227 1233 1243 1253 1262 1265 1274 1282 1287 1294 1295 1289 1280 1273 1275 1268 1263 1259 1272 1282 1293 1298 1300 1311 1304 1305 1310 1310 1319 1321 1327 1328 1337
1209 1211 1213 1214 1216 1217 1218 1220 1222 1225 1227 1229 1231 1233 1236 1240 1242 1243 1242 1239 1240 1233 1232 1231 1229 1227 1221 1219 1217 1215 1212 1210 1209 1209 1210 1210 1210 1211 1211 1208 1208 1208 1207 1207 1206 1206 1207 1209 1211 1214 1217 1220 1223 1225 1229 1235 1246 1256 1260 1271 1281 1288 1294 1296 1293 1288 1283 1286 1279 1276 1270 1272 1295 1304 1311 1314 1323 1318 1318 1314 1317 1333 1335 1338 1341 1345
1209 1211 1213 1215 1215 1216 1217 1219 1220 1223 1226 1229 1232 1234 1236 1240 1234 1235 1234 1233 1233 1227 1227 1227 1226 1224 1220 1217 1215 1213 1210 1208 1207 1208 1209 1209 1209 1209 1209 1208 1208 1207 1207 1207 1205 1206 1207 1208 1211 1213 1216 1218 1221 1224 1227 1232 1241 1251 1258 1268 1278 1286 1291 1297 1302 1302 1295 1301 1295 1291 1285 1285 1296 1301 1310 1318 1327 1331 1330 1328 1330 1345 1347 1350 1351 1356
1210 1210 1212 1214 1215 1216 1217 1219 1220 1223 1226 1229 1232 1234 1236 1237 1234 1228 1228 1227 1226 1221 1223 1224 1223 1221 1217 1216 1213 1212 1210 1208 1207 1207 1208 1208 1209 1209 1208 1207 1207 1207 1206 1206 1204 1205 1206 1207 1210 1213 1215 1217 1221 1223 1227 1231 1239 1249 1255 1264 1273 1282 1286 1286 1295 1303 1306 1305 1307 1305 1298 1295 1293 1298 1307 1319 1326 1332 1338 1341 1343 1354 1356 1359 1361 1364
1211 1212 1212 1214 1215 1217 1217 1219 1220 1222 1226 1229 1231 1233 1234 1234 1232 1227 1223 1221 1220 1217 1219 1219 1221 1220 1216 1215 1214 1212 1209 1207 1206 1207 1207 1208 1208 1208 1207 1207 1206 1205 1205 1204 1203 1204 1205 1207 1209 1214 1217 1218 1220 1222 1226 1230 1230 1238 1243 1250 1259 1268 1277 1282 1291 1297 1302 1298 1300 1299 1295 1293 1287 1294 1307 1317 1321 1328 1337 1345 1350 1356 1361 1366 1367 1364
1212 1213 1213 1215 1216 1217 1218 1219 1220 1222 1225 1229 1231 1233 1233 1233 1233 1229 1226 1221 1217 1218 1216 1217 1217 1217 1214 1213 1212 1211 1209 1208 1206 1206 1207 1207 1207 1206 1206 1206 1204 1204 1203 1203 1202 1202 1204 1207 1210 1210 1216 1219 1219 1220 1222 1226 1229 1234 1239 1248 1258 1266 1274 1280 1286 1292 1295 1289 1290 1289 1286 1284 1291 1299 1307 1314 1313 1320 1329 1338 1349 1350 1350 1357 1365 1369
1213 1214 1215 1216 1217 1217 1218 1219 1219 1220 1222 1225 1228 1231 1232 1232 1232 1227 1224 1222 1219 1219 1216 1214 1213 1214 1211 1211 1211 1210 1209 1207 1206 1206 1206 1205 1205 1205 1205 1204 1202 1202 1202 1202 1200 1200 1202 1204 1206 1210 1216 1220 1221 1220 1225 1227 1229 1232 1237 1246 1257 1266 1273 1278 1283 1285 1287 1279 1278 1277 1274 1277 1288 1296 1303 1303 1308 1301 1307 1317 1328 1330 1340 1350 1360 1367
1215 1215 1215 1217 1217 1218 1218 1218 1219 1220 1222 1225 1229 1231 1232 1231 1229 1223 1222 1222 1221 1219 1215 1211 1210 1211 1209 1209 1209 1209 1208 1206 1205 1205 1205 1204 1203 1203 1203 1203 1201 1201 1200 1200 1198 1199 1201 1203 1206 1209 1216 1220 1223 1225 1230 1229 1229 1232 1236 1244 1255 1265 1272 1275 1278 1279 1279 1273 1271 1269 1267 1266 1273 1282 1292 1297 1300 1290 1297 1308 1320 1323 1331 1341 1354 1364
1216 1216 1217 1218 1218 1218 1218 1219 1220 1220 1222 1226 1228 1230 1230 1228 1226 1219 1220 1221 1221 1219 1214 1210 1208 1208 1208 1208 1208 1208 1207 1206 1205 1204 1204 1202 1202 1202 1201 1201 1199 1199 1198 1198 1196 1198 1200 1203 1205 1208 1215 1220 1225 1230 1232 1231 1230 1231 1233 1242 1242 1252 1263 1270 1272 1274 1274 1266 1263 1259 1258 1264 1266 1273 1281 1289 1291 1282 1295 1303 1315 1316 1324 1333 1348 1358
1217 1218 1218 1220 1219 1219 1219 1219 1220 1221 1223 1226 1226 1226 1226 1224 1221 1216 1218 1218 1219 1219 1213 1211 1209 1207 1206 1206 1206 1207 1207 1206 1204 1203 1202 1200 1200 1200 1200 1200 1198 1198 1197 1196 1196 1198 1200 1202 1204 1207 1214 1220 1226 1226 1230 1233 1233 1231 1232 1235 1243 1251 1262 1268 1270 1270 1268 1266 1255 1254 1255 1260 1256 1265 1272 1280 1280 1278 1291 1299 1307 1305 1315 1330 1341 1351
1218 1220 1221 1222 1221 1220 1219 1219 1220 1222 1223 1225 1223 1223 1223 1222 1220 1216 1214 1213 1214 1214 1209 1208 1207 1206 1204 1204 1205 1207 1207 1206 1204 1202 1201 1198 1198 1198 1198 1198 1197 1197 1195 1195 1196 1195 1197 1199 1201 1203 1206 1212 1219 1224 1227 1232 1238 1236 1237 1239 1245 1252 1260 1260 1264 1264 1261 1257 1250 1250 1252 1254 1253 1258 1265 1271 1272 1273 1284 1284 1291 1290 1301 1314 1328 1336
1223 1224 1224 1227 1223 1223 1221 1219 1219 1220 1221 1222 1223 1221 1221 1219 1217 1213 1211 1209 1208 1209 1205 1205 1205 1204 1202 1203 1204 1206 1207 1205 1203 1200 1198 1198 1197 1197 1197 1197 1196 1196 1195 1194 1194 1194 1196 1198 1200 1201 1205 1209 1214 1219 1222 1228 1238 1242 1237 1236 1242 1248 1255 1253 1257 1258 1256 1252 1245 1246 1249 1249 1247 1250 1254 1258 1264 1262 1267 1274 1282 1290 1303 1313 1322 1328
1229 1230 1230 1232 1228 1224 1221 1219 1218 1219 1220 1221 1221 1219 1219 1217 1215 1209 1208 1206 1205 1205 1202 1202 1202 1202 1199 1202 1204 1206 1206 1206 1204 1202 1199 1196 1195 1196 1196 1196 1194 1194 1192 1192 1193 1193 1195 1196 1199 1200 1203 1205 1208 1215 1217 1224 1233 1238 1235 1231 1237 1242 1247 1246 1246 1251 1254 1253 1247 1243 1244 1246 1244 1247 1250 1254 1258 1257 1264 1271 1282 1294 1299 1308 1313 1314
1235 1234 1233 1232 1227 1223 1221 1219 1217 1218 1218 1219 1219 1216 1216 1214 1212 1207 1205 1203 1202 1202 1199 1199 1200 1199 1198 1198 1201 1203 1205 1205 1206 1204 1200 1196 1194 1195 1196 1195 1192 1190 1190 1191 1192 1193 1194 1195 1198 1199 1201 1203 1206 1211 1213 1221 1226 1226 1229 1224 1228 1232 1237 1241 1245 1248 1250 1249 1245 1241 1240 1242 1242 1243 1246 1252 1254 1258 1264 1271 1282 1292 1291 1301 1304 1300
1237 1235 1232 1230 1224 1221 1220 1218 1216 1215 1215 1216 1216 1211 1211 1211 1211 1207 1205 1201 1199 1199 1195 1196 1198 1197 1196 1198 1200 1202 1203 1205 1207 1206 1200 1196 1194 1194 1195 1195 1190 1188 1189 1191 1192 1192 1193 1194 1196 1196 1197 1200 1202 1204 1205 1208 1214 1219 1222 1222 1228 1231 1235 1244 1245 1247 1247 1247 1242 1235 1235 1239 1242 1244 1246 1250 1254 1256 1260 1268 1276 1279 1284 1284 1292 1293
1238 1235 1231 1227 1221 1220 1218 1217 1214 1214 1213 1212 1212 1207 1206 1206 1207 1203 1202 1198 1196 1195 1194 1195 1196 1196 1196 1197 1199 1201 1203 1205 1207 1205 1199 1195 1193 1193 1194 1193 1187 1188 1188 1189 1190 1190 1191 1193 1194 1195 1196 1198 1200 1203 1204 1206 1209 1215 1217 1224 1230 1234 1239 1245 1245 1246 1246 1244 1235 1231 1232 1237 1240 1244 1247 1247 1249 1249 1253 1258 1263 1266 1266 1274 1281 1283
1236 1236 1232 1228 1222 1220 1218 1217 1215 1214 1211 1208 1208 1205 1204 1204 1204 1203 1197 1195 1193 1193 1192 1193 1195 1195 1196 1197 1198 1200 1202 1203 1204 1202 1198 1198 1193 1192 1191 1190 1189 1186 1187 1188 1189 1190 1191 1192 1193 1194 1195 1197 1199 1202 1203 1206 1210 1214 1219 1226 1231 1236 1242 1245 1241 1240 1241 1237 1229 1229 1229 1233 1236 1239 1243 1245 1247 1246 1251 1255 1258 1261 1262 1267 1271 1274
1239 1232 1227 1224 1217 1216 1216 1216 1217 1216 1212 1208 1206 1205 1204 1203 1201 1198 1194 1193 1192 1192 1189 1190 1193 1195 1196 1196 1197 1197 1198 1198 1199 1200 1199 1196 1192 1190 1189 1187 1186 1185 1186 1188 1189 1189 1191 1192 1193 1194 1195 1197 1199 1201 1203 1207 1211 1216 1221 1225 1230 1230 1234 1238 1236 1236 1232 1233 1222 1221 1228 1232 1236 1238 1241 1243 1244 1244 1248 1251 1254 1257 1259 1263 1266 1268
1234 1228 1222 1219 1212 1212 1214 1216 1217 1219 1215 1211 1207 1206 1204 1202 1199 1196 1193 1192 1192 1191 1189 1188 1187 1188 1192 1194 1196 1196 1197 1198 1196 1196 1195 1194 1191 1189 1187 1186 1184 1184 1186 1187 1188 1189 1190 1191 1192 1193 1194 1196 1197 1197 1198 1202 1206 1210 1215 1218 1222 1226 1230 1233 1233 1231 1227 1226 1219 1221 1227 1231 1235 1236 1239 1240 1242 1242 1244 1247 1251 1254 1259 1261 1262 1264
1228 1224 1219 1215 1209 1212 1216 1218 1219 1219 1217 1212 1208 1209 1206 1204 1201 1198 1196 1193 1191 1190 1187 1186 1187 1187 1192 1191 1193 1194 1194 1194 1194 1194 1193 1192 1189 1187 1185 1184 1183 1184 1185 1187 1188 1189 1189 1190 1191 1192 1192 1194 1195 1196 1198 1200 1204 1208 1213 1215 1219 1222 1225 1229 1224 1225 1220 1219 1218 1222 1227 1231 1234 1235 1237 1239 1240 1242 1242 1242 1245 1250 1256 1258 1258 1259
